name	weight	ranking	higherIn	case1	case2	case3	control1	control2	control3
RXRA	0	502	case	0.999329479025719	0.140873797601841	0.919542206194465	0.300956742633309	0.206764149130446	0.94018128442575
CHEBI:10049	0	502	case	0.355407151267881	0.893474311740186	0.64199930552178	0.383884490005655	0.607363956107084	0.591463082475282
RPS14	0	502	case	0.397839124102705	0.494456347383399	0.763843764539584	0.766266219369973	0.0279932951713195	0.682892941698706
UGT2B15	0	502	case	0.333668180380295	0.0677854884858151	0.805510155575541	0.374175557582085	0.0668417611778476	0.0738510179919515
AKR1E2	0	502	case	0.936120177502068	0.288565308881261	0.469758776292843	0.646501755218381	0.0877717606376327	0.314456966367478
SLCO3A1	0	502	case	0.683188784699983	0.269046814753517	0.219061890891174	0.00360530450734453	0.332398561915436	0.809219837628967
TRIB2	0	502	case	0.962113795722863	0.594194175430363	0.922707906542724	0.282887905349612	0.526180895421029	0.461450605980961
RAB11FIP3	0	502	case	0.940336654420907	0.368311038073403	0.857543808780781	0.592074579603645	0.542899456586946	0.477595513339762
EID2B	0	502	case	0.610307030069875	0.938200405804263	0.878062942706618	0.988951251221728	0.521882381409282	0.175316539083581
CHEBI:16618	0	502	case	0.232981533413648	0.282840091614325	0.759193837349818	0.73587698636635	0.147111980322787	0.154801531119142
PICK1	0	502	case	0.932468675920979	0.205181251932987	0.0316893001122069	0.156617020109506	0.416765701751856	0.445452550042128
AHNAK	0	502	case	0.763262775333742	0.439134081593786	0.642339157082965	0.434647411424697	0.280292866619113	0.537621422723437
ANP32B	0	502	case	0.573463588604866	0.876184335960346	0.376409545450067	0.359909561454824	0.0364748567011317	0.834109708891139
C18orf54	0	502	case	0.792581664120226	0.610092246274455	0.212548379439868	0.0762380475474331	0.0636865030513627	0.99617230952962
CIITA	0	502	case	0.312386342019254	0.0538243021501204	0.489142450390656	0.13205467930969	0.170044626268754	0.199956952995643
TWISTNB	0	502	case	0.584523478528556	0.862187431116878	0.0128457468737627	0.699654848968811	0.371163798766144	0.0363292360197636
AKAP5	0	502	case	0.829914141021523	0.442934666053869	0.186612024812195	0.485904907517832	0.0397616226212385	0.188604065746608
DR1	0	502	case	0.402554392063122	0.566860831789241	0.838226076700295	0.101214538189656	0.641341360210975	0.628272342585065
RAN	0	502	case	0.862057298433146	0.680394991214306	0.14105696859946	0.201584327245249	0.174060860147872	0.364774751422131
RPS26	0	502	case	0.6147395502164	0.371378578093092	0.73221698741175	0.13474601073799	0.0621519426336853	0.636558009588955
CHEBI:17489	0	502	case	0.991187788329793	0.078228709185685	0.691066915983427	0.323789153997764	0.406659420297776	0.891293458108173
GALK1	0	502	case	0.827209084946655	0.0478438001602993	0.48885726360846	0.532130560615834	0.202674299437306	0.286359337940548
NHSL1	0	502	case	0.675861618952774	0.73825699202679	0.971390410156509	0.24768570993469	0.869549890049143	0.125419176245427
PTPRE	0	502	case	0.475785626569533	0.954244324359415	0.743213774200817	0.669087783169736	0.0230135370914409	0.820766361991123
CHEBI:58090	0	502	case	0.399075226726792	0.742372334463615	0.638541371339421	0.547695710952879	0.899426437101584	0.299775460104113
PAPSS1	0	502	case	0.599438249091412	0.937449567040729	0.594182912969943	0.609054494316718	0.452946115671495	0.787678917413547
NQO1	0	502	case	0.800522765803851	0.513363986157654	0.49862251273625	0.863134760252027	0.0580261764965854	0.437012573040754
CREM	0	502	case	0.430069462615833	0.356705749924566	0.561335047322794	0.339706962070075	0.0269444844838657	0.0959658384301467
CHEBI:28666	0	502	case	0.700824730771237	0.110048497112667	0.930775859048123	0.377547669768167	0.463776233943276	0.0584430934125807
PSMG1	0	502	case	0.74246975698728	0.597045229614403	0.977769157702234	0.972604932176721	0.0990172329213107	0.123318151074745
HOXD12	0	502	case	0.389128763569227	0.73071801732159	0.661734944417943	0.338236165549055	0.325875094193265	0.370104345713866
UBL4A	0	502	case	0.572971367270484	0.450963489291171	0.356256342496277	0.850706460713442	0.0748443075998355	0.301704811674572
KIAA0391	0	502	case	0.849722054218674	0.640074510267742	0.47557844163322	0.256791917068097	0.0573426693754819	0.607461688382013
CEPT1	0	502	case	0.276345316298223	0.132038817368816	0.671022018283348	0.285495500891502	0.300956435005654	0.461972243165118
CHEBI:15473	0	502	case	0.62232361515245	0.452822429824052	0.959645196993795	0.779946910428948	0.521721248782275	0.29259269105507
SLC29A4	0	502	case	0.963468465806992	0.826998331558064	0.797742459847051	0.492511776265171	0.241554770085929	0.570525957373189
SDSL	0	502	case	0.500498891603951	0.402363579005054	0.912196754252076	0.476161494330651	0.825734269699093	0.266311690876462
CHEBI:17924	0	502	case	0.88438893850986	0.759831815719588	0.504128180597837	0.768772875919031	0.23442349639393	0.492368811109359
CHEBI:60625	0	502	case	0.303851622777652	0.936683610022334	0.905483216847227	0.857890771063757	0.614671003416509	0.33065054115953
PTPN6	0	502	case	0.483294567734286	0.860190240827037	0.965257748969727	0.904728919137344	0.469650371915958	0.901215142217029
PSTPIP1	0	502	case	0.337812043871024	0.397228260437835	0.628267352552455	0.29201988504298	0.577780697646748	0.000365623763305734
LEFTY2	0	502	case	0.987487575189353	0.56499609309486	0.618301778328654	0.339445804371305	0.376220283460707	0.147474747267827
ATXN2L	0	502	case	0.159047554722395	0.489619389546545	0.383020104064703	0.272681226854142	0.228764772549632	0.314992086852311
AR	0	502	case	0.236879783226055	0.269811632673816	0.991193747568799	0.170274589896562	0.423524871222756	0.171375458208079
IPO11	0	502	case	0.70223663266789	0.989740142062215	0.286827284759212	0.664018225811431	0.273596220894793	0.592906936782863
TOR1A	0	502	case	0.973704902674984	0.861656724924023	0.535205897505445	0.829109418219232	0.627515046901424	0.348962692898616
CDK15	0	502	case	0.972305555688457	0.0326325721064562	0.193211038592101	0.26736208064657	0.534641253536576	0.053693447435528
LFNG	0	502	case	0.643698049421405	0.331958019586653	0.689435100924171	0.176155780622799	0.385442159974304	0.0471680310748598
GOT2	0	502	case	0.860098876854161	0.748746995782957	0.0504550031686729	0.431186366407187	0.873450099080692	0.0558578091685061
ACBD7	0	502	case	0.401883398008086	0.644366458181644	0.184434115699354	0.475655037798496	0.300348734897046	0.071511995620654
CHEBI:16039	0	502	case	0.98523663941483	0.952205100722434	0.885041502041251	0.130651597357995	0.517723514394718	0.973679007254639
RPL24	0	502	case	0.559477405987275	0.543270235392249	0.839794385798114	0.0513557326803022	0.0618247144123362	0.73479672093121
INHBE	0	502	case	0.720343206000748	0.578572309853611	0.410414853697837	0.0290875518506981	0.118485991561029	0.0333136081311348
CHEBI:16225	0	502	case	0.484038516812342	0.915476599033373	0.12022858999065	0.136194609644932	0.0987800358735031	0.117606117130326
MFN2	0	502	case	0.63903109268123	0.895596526144395	0.572092522260723	0.694555598689595	0.890275455546976	0.261303269881319
CHEBI:50091	0	502	case	0.887636865889604	0.482506617380039	0.949390134629152	0.515678957454232	0.0333890773864002	0.893358001913081
PRPS1L1	0	502	case	0.992175302495305	0.0553137719816675	0.349808041044371	0.793686029689862	0.113716441044558	0.346786263254747
GAS2L3	0	502	case	0.402351616935948	0.753791773408712	0.20852237389343	0.501867087038036	0.49044565696202	0.292302135568305
BCHE	0	502	case	0.658856481072931	0.131947479760919	0.665827160044803	0.276632057868203	0.599441720175534	0.187247407159404
CHEBI:28955	0	502	case	0.901348123034512	0.355922119083384	0.97334470672087	0.119664941102955	0.0902161331201864	0.74314833631864
ZCCHC11	0	502	case	0.618091239046974	0.288070643822235	0.231278078105778	0.0905901520413662	0.262829072110785	0.655473475980963
FUS	0	502	case	0.961964657805326	0.488379635024966	0.901756316713514	0.18245093620079	0.328975305064346	0.862900425221566
CALCOCO2	0	502	case	0.746105469418888	0.729036115345013	0.793291699901326	0.0316876620019078	0.941300531148415	0.785352871833154
ABCC12	0	502	case	0.52331331841201	0.216276205436509	0.832054705376542	0.144158809946439	0.95711016517866	0.347821246965429
RAX	0	502	case	0.259894281484397	0.97633451477942	0.753834556589773	0.635926816608026	0.510824964684785	0.0553885502592265
SDF2L1	0	502	case	0.961993766916173	0.593235792436551	0.621863097261786	0.789847558684815	0.564579859307507	0.819441442588722
BCL2L1	0	502	case	0.0302701634197687	0.967702883195329	0.359277961450212	0.377413923888473	0.770983940011353	0.00607404653196786
ELF4	0	502	case	0.696314463411127	0.895969830651651	0.0888524608922825	0.821586115511533	0.313801920872552	0.275042352548372
FGD6	0	502	case	0.890036233228213	0.711763763315268	0.460547461088786	0.78497989138293	0.812943969672552	0.385658394829595
TESK1	0	502	case	0.330202242514021	0.867726788909873	0.64545237343559	0.503736437057276	0.412073277714361	0.856946289582242
SOGA1	0	502	case	0.651997167217003	0.516432410448888	0.589817489604743	0.222223462665215	0.604388896137601	0.822906498290483
LRRC25	0	502	case	0.0661601245983268	0.00750740409328399	0.187172070539839	0.0836087173480035	0.0948035564584498	0.0104994319560711
KDM7A	0	502	case	0.275431379860917	0.688933363588118	0.611330146637951	0.0737015537421595	0.335981277769252	0.141616734678351
SLC4A1	0	502	case	0.880066259726056	0.873536456464217	0.575726948453721	0.817677026694343	0.244880529743163	0.580618433453006
CTSL	0	502	case	0.755914120907961	0.35456934119252	0.499725973621345	0.758248787177962	0.270319612046424	0.438866965577127
ELOVL5	0	502	case	0.783265937404036	0.560333309840618	0.149057083245688	0.466424962099562	0.633731111043642	0.137305480611584
CHEBI:30860	0	502	case	0.978563885159978	0.300809090660725	0.756669787984348	0.422568083677206	0.208514026718345	0.360044666230198
CHEBI:17202	0	502	case	0.0506464976705434	0.795641626726704	0.29355559441744	0.00131439798824418	0.745709470805585	0.0413357256847293
AP2S1	0	502	case	0.63020512499975	0.054297353899977	0.82889374505677	0.346470554408469	0.564883170177399	0.313814877315829
TAS2R4	0	502	case	0.230299163777674	0.708704616979225	0.841776581954761	0.557503053109067	0.217689898943781	0.945982651440048
TRAPPC3	0	502	case	0.579884973281289	0.992928441303996	0.665238451557799	0.299784702501575	0.857763286845635	0.854503454518775
HBEGF	0	502	case	0.603156320439897	0.162476485189887	0.960139975886254	0.159072822525737	0.861999317827353	0.173531117920384
HAL	0	502	case	0.599879095832857	0.113566338672047	0.943117892210703	0.665256285872595	0.313302194836426	0.535883588923296
CORO1C	0	502	case	0.448427880383915	0.912875425886543	0.112699492380728	0.684202783274851	0.326984211497351	0.294889205964141
DEGS2	0	502	case	0.513814835038277	0.851805952008354	0.48080405167944	0.348624437659894	0.492532786265149	0.0813874092956911
CARS	0	502	case	0.407730161772637	0.809913803104205	0.0665206919491224	0.250074733353068	0.0519024840881931	0.787474899998168
C11orf87	0	502	case	0.805404317007998	0.77723242923451	0.262457464904029	0.288238633424684	0.366939952046648	0.216132109524524
ARL8A	0	502	case	0.459642010111367	0.331997486961156	0.7656981256747	0.595707147578878	0.285814782532667	0.232068379506165
CHEBI:29184	0	502	case	0.95853359612901	0.173883139944506	0.652915682156136	0.0685361446160678	0.656849259385463	0.874840378958323
CUTA	0	502	case	0.790045356979438	0.625636394848839	0.381489065282516	0.218043374944113	0.231886625099597	0.460142548060862
ACP7	0	502	case	0.333428186460866	0.750985384525444	0.340139555506767	0.414217854149326	0.0751237673533113	0.46494127608993
NEDD4L	0	502	case	0.506794524055503	0.143950800246145	0.442496952598123	0.247886007622878	0.383715179754413	0.301074526079261
PNPLA7	0	502	case	0.199925413139355	0.850607655245249	0.454185819615522	0.554425288853058	0.0305697733414173	0.236005206878626
CHEBI:64628	0	502	case	0.3683508416288	0.801911968617498	0.0198754228247094	0.0218332495144079	0.504616246876344	0.185474577732799
PPP6C	0	502	case	0.941817795239884	0.497408284738571	0.34176488323731	0.393103434605689	0.00791083757342614	0.15149857398175
PALM2	0	502	case	0.829055908778801	0.870912524621325	0.342803701519393	0.204216921394176	0.410704795653201	0.992749903551154
CHEBI:17151	0	502	case	0.626590974955276	0.722843568666448	0.618806404154405	0.66227946721661	0.732365747785734	0.390081439337444
GTF3A	0	502	case	0.294302626846237	0.984532354863445	0.493299255574885	0.119863491132223	0.701901080171244	0.237551305568045
FIBP	0	502	case	0.17991487850424	0.885924447669938	0.70177394525353	0.518969763416861	0.565460937121375	0.43428515858871
FXYD3	0	502	case	0.92629426819795	0.213837003113112	0.88780260142949	0.821974811688185	0.584736351923449	0.0250621847512497
SARNP	0	502	case	0.651269264764942	0.473710749132909	0.764070891236327	0.966605245331986	0.00151393336675809	0.57175164244331
RMI1	0.224927299990031	1	case	0.864622012533553	0.951197090728795	0.98795894159784	0.0673441884719516	0.562000852140945	0.611663217389069
DLG4	0	502	case	0.81685517377385	0.386422800554417	0.3644771752026	0.320839942810518	0.550827761821269	0.396039920386533
RSBN1L	0	502	case	0.528922466328429	0.431433376426054	0.676230090282253	0.13405205840044	0.69453676079433	0.692766655813401
ING2	0	502	case	0.694350560622442	0.83088648474904	0.375758171217492	0.1345851502257	0.927494092054399	0.20448582449894
CTDSP1	0	502	case	0.212404896281834	0.824646819632836	0.863458491467109	0.805947660318698	0.944210308868036	0.0628527864844988
KCNMA1	0	502	case	0.956434557260469	0.925868542840634	0.672650514427429	0.988340076638724	0.926209756983518	0.296785133197485
MRPS18B	0	502	case	0.444542162873471	0.740843627451167	0.202584980871927	0.409894179847122	0.116946258411827	0.571561840931681
LUZP1	0	502	case	0.085397830812645	0.737633073422826	0.868515198201092	0.371187877142478	0.340801507895534	0.316222560852251
CHEBI:18348	0	502	case	0.0573401475412575	0.946915999012028	0.751157321899609	0.226854092445029	0.0367304435835989	0.809497998396411
CHEBI:71580	0	502	case	0.629450486099479	0.510099705432381	0.419379649992969	0.446030958823852	0.538369850492198	0.365497581066373
CHEBI:28895	0	502	case	0.691191332858143	0.452173502329059	0.149463732367703	0.459096393967459	0.181222502654283	0.63342595377055
CHEBI:17719	0	502	case	0.946816667161595	0.390430829462498	0.87242501896288	0.259623434291208	0.0981679570288845	0.200796668743141
CHEBI:28494	0	502	case	0.520190318211477	0.738376511506287	0.601251143911812	0.133714508366169	0.303221566678817	0.598177740313402
CHEBI:16356	0	502	case	0.953813025197927	0.976438557351852	0.321188452831265	0.419228418590875	0.780122611965039	0.0837034416710265
CHEBI:81184	0	502	case	0.775027813981967	0.207158082586558	0.903759051181981	0.684688800419701	0.638943645628397	0.0406983292302818
THBS1	0	502	case	0.914187821243774	0.323401379477045	0.925105644987009	0.443093511026668	0.893148245658072	0.329360440753283
FBXL12	0	502	case	0.7825506477103	0.11087021836011	0.505292452205831	0.435663079837528	0.0606903874333861	0.709349661789857
FKRP	0	502	case	0.78485459109315	0.817118851307114	0.5749325019969	0.78925594132128	0.892954792490445	0.428640136534168
CAPZB	0	502	case	0.270831502151317	0.531685314237565	0.0465344640640383	0.501267453084442	0.0258533065890132	0.267345254738738
ZNF473	0	502	case	0.227810704816134	0.521122048508881	0.422531388268483	0.555181922697123	0.137563028376576	0.472951879363933
ENTPD4	0	502	case	0.321023217088951	0.77430970898665	0.467734261291993	0.630749738384446	0.424087432629228	0.160845331178376
CHEBI:46195	0.05089647124223	2	case	0.822182194600976	0.625450151917525	0.0650740424646463	0.245676181936889	0.524437187651802	0.268341968826029
PEX1	0	502	case	0.571829636228848	0.334619385839875	0.53414286394427	0.304959957607017	0.169798443378302	0.609174029586122
CCDC53	0	502	case	0.699133559301209	0.863937641058782	0.363946179540744	0.267229092367089	0.618652742745988	0.773320765204118
CHEBI:63998	0	502	case	0.796257943281577	0.198563072170653	0.151373665826451	0.0395063042516288	0.00684608946096921	0.572864576286178
BCL3	0	502	case	0.279039187274615	0.298284149829983	0.784027846268716	0.689124711134179	0.360582760275341	0.0943581612914803
XPNPEP2	0	502	case	0.675375318416595	0.496520270263375	0.486739211626018	0.717881398387593	0.191073265372555	0.106785749855255
RNF32	0	502	case	0.90366452636354	0.88990423168468	0.464798012873766	0.559029119569936	0.714397660814069	0.734893629307165
AFP	0	502	case	0.908525898848375	0.501414589868598	0.13125255159679	0.533354207803659	0.177867011268348	0.354592025606987
PLEKHA1	0	502	case	0.260511507083546	0.53395817866685	0.674557425628767	0.393098592724503	0.0169991299016039	0.298855434035719
GTF2H1	0	502	case	0.689637840074109	0.574249553785642	0.835159638023036	0.458066938000918	0.0397964695696392	0.71368094189454
HSPG2	0	502	case	0.0733616900804668	0.0649315348738551	0.728242423153538	0.109222496688655	0.585904472449875	0.0938030575753772
CHEBI:28912	0	502	case	0.822326222185306	0.358579960661015	0.498170315267308	0.00661076596420229	0.190733026170859	0.725170456137609
MRPL23	0	502	case	0.925858038017486	0.20350405288897	0.190918203621887	0.65917606662187	0.0509146326559937	0.0864144334599773
OAS1	0	502	case	0.492638598461781	0.81377958316422	0.124143787222168	0.580006430551879	0.0560957431770505	0.519950888705065
ALDH18A1	0	502	case	0.282205164558222	0.774994177417674	0.510633605136478	0.259623080110499	0.673396626434058	0.601877715939767
SPRR2A	0	502	case	0.975957517879964	0.165297620870777	0.38521587987977	0.0511708673569459	0.685267040499651	0.198503905239169
C16orf89	0	502	case	0.97301362389282	0.329779668283949	0.815242445313671	0.280397005689543	0.660605167199519	0.459680380401339
CHEBI:43474	0	502	case	0.365032625305747	0.204235670095109	0.638418458166358	0.25942744797746	0.519936595351645	0.157659169447911
COL22A1	0	502	case	0.309149618895917	0.767214736379813	0.448339380701919	0.547095959676547	0.331736410800664	0.421785817063031
CELA1	0	502	case	0.91576570404079	0.950033948013614	0.803385085996905	0.788113184048992	0.246476948149498	0.32233149631154
NDUFS4	0	502	case	0.897479892399884	0.68712911473695	0.467251755433503	0.969427855895745	0.254168532971016	0.251180701963122
SUPT20H	0	502	case	0.698253926627414	0.928845135619855	0.237598887672087	0.240645885287937	0.35070641014647	0.810858531249274
SRSF3	0	502	case	0.029332342754362	0.73210385001626	0.817570881268703	0.00885503009860023	0.935324882715596	0.0484267181861879
CHEBI:17797	0	502	case	0.827142322836315	0.239491695587883	0.951536218081585	0.57241631161166	0.101762134380532	0.139044011035605
AGO3	0	502	case	0.339986206482169	0.520850475083039	0.965005305843558	0.155461290328972	0.36687593972201	0.632557259152003
PON2	0	502	case	0.84671095888053	0.219077360108904	0.765284866775821	0.502367433727028	0.275845534967993	0.246833457405577
GPR107	0	502	case	0.581491252368133	0.662932909051294	0.915925025450221	0.188271775739867	0.226538649427265	0.836670823291279
SUPT5H	0	502	case	0.937676879074775	0.816235285166455	0.49543240879036	0.32419646346704	0.0013207800733116	0.453072418339775
ROBO1	0	502	case	0.681478514196212	0.687579247513742	0.558298491530906	0.380363559412667	0.315605538850825	0.398438689641481
CHEBI:30249	0	502	case	0.796245350725845	0.829580846725193	0.166784582313363	0.0194015027111201	0.964547891083534	0.0700099940684277
SPG11	0	502	case	0.617850587139279	0.706084765450312	0.947438262628722	0.577580061269445	0.666265239052169	0.142687919676604
GSTT1	0	502	case	0.0692789725680013	0.752874120082542	0.710455692980488	0.106872780238886	0.334042554571979	0.218319594919908
CHEBI:16189	0	502	case	0.13600738862009	0.496722203825239	0.970245561677518	0.732149758734352	0.522772766352871	0.119131928791299
UBE2D3	0	502	case	0.788891319657009	0.865132654012061	0.998426789341871	0.970522786956106	0.273354365608348	0.0431371009641738
GLT8D1	0	502	case	0.243647912616785	0.0987563119710001	0.958478804453122	0.302752325729782	0.0810642195290494	0.867268018847985
WDR72	0	502	case	0.858352760228758	0.402969908979534	0.0740865173899161	0.0480286131823641	0.203959494037159	0.134950924298905
AMD1	0	502	case	0.698199766179566	0.107040155400183	0.311820903915726	0.385352105175205	0.624099305895655	0.0649206776199452
ATP2A3	0	502	case	0.733742133263281	0.724166170480622	0.895170779995606	0.361716380248139	0.725205115537093	0.6724449515439
HSPA12A	0	502	case	0.650530624454913	0.613682347960576	0.834768311582722	0.287584055249314	0.834364187698236	0.482206924740791
RRAS2	0	502	case	0.326388135088882	0.566620582441644	0.64020984616491	0.450528094868533	0.202117631572217	0.313483664719508
RPUSD2	0	502	case	0.661776196778501	0.811319158706923	0.803182575087435	0.806632520363243	0.469092961868098	0.3235009696048
CHEBI:15344	0	502	case	0.147817414181606	0.944029193841664	0.0641222317658926	0.282957873186578	0.340393733719399	0.450336623974149
NEU2	0	502	case	0.019764663728817	0.871452148941678	0.263148319353776	0.0683092386250433	0.063851184823046	0.748635800290558
HPGDS	0	502	case	0.964291730299559	0.507602207944769	0.102720361262892	0.0549307282223953	0.761335934073557	0.18525332948793
TUBA3D	0	502	case	0.970372902013312	0.788823165012461	0.483719024833911	0.637522639339998	0.402662085784262	0.0849220204256829
GAB1	0	502	case	0.656694003304474	0.322481588061953	0.886765115012407	0.417320883626846	0.0514571665686354	0.661700436914934
FAS	0	502	case	0.290185566632867	0.976146535227356	0.420557514837392	0.154058327516862	0.30749593756604	0.939213156370957
DPP4	0	502	case	0.753736074133061	0.922338093331131	0.02925848703723	0.258990542158967	0.56253339120956	0.0899323623104628
ARL6IP5	0	502	case	0.406830134654488	0.538250333300567	0.610920680279354	0.376999837283115	0.075505653290734	0.655314300069037
EDEM3	0	502	case	0.938315840253697	0.463294879079307	0.408089537451172	0.0672801845433559	0.888024396725501	0.566843498428166
HTRA1	0	502	case	0.255427454937803	0.82075025085467	0.248946674813356	0.181581768675897	0.562447291599302	0.00312186435870165
ERCC2	0	502	case	0.533163240608823	0.951906506191454	0.652459724145901	0.575747615215569	0.194355125458527	0.651351480966231
NDUFC1	0	502	case	0.95475487037637	0.076272889439772	0.320277088369962	0.185885031598486	0.221452790874618	0.317097344109857
UBE3C	0	502	case	0.299400386560865	0.832513316595536	0.666457012048093	0.459914579612446	0.58174342527109	0.561164119281572
CHEBI:16108	0	502	case	0.591583534156367	0.995373810346204	0.847742491914359	0.235894920096525	0.0998002912774532	0.0248040903417872
C9orf78	0	502	case	0.203299145356336	0.64975098275464	0.762661063721127	0.0277520375895161	0.166602821775987	0.793540436257167
DDIT4	0	502	case	0.635883198886887	0.703952831044269	0.807013774619851	0.658453455956023	0.102093794787091	0.273088822573628
CHEBI:17761	0	502	case	0.798370257830259	0.932303197968757	0.632952443655251	0.158803562723388	0.146247104764678	0.8229113441199
COL5A3	0	502	case	0.650812135949142	0.568353918669942	0.688663539117781	0.408579771834726	0.63985318181102	0.603902451528603
TNFRSF14	0	502	case	0.795954985556127	0.380847529289527	0.320947861137131	0.32739187888055	0.372435451684637	0.386950094136329
WDTC1	0	502	case	0.233373768071567	0.634579484810422	0.531648494500774	0.746014728567984	0.162872966132474	0.0655353381042242
ZNF22	0	502	case	0.515765653195914	0.368699723575791	0.500400775515181	0.117544801822912	0.399793699859006	0.229172299721171
EXOC6B	0	502	case	0.837840690870234	0.468398760390358	0.432763214528361	0.174037524385108	0.755119084952242	0.0922545755501529
ITGA10	0	502	case	0.920790107998705	0.503413843283962	0.904282491633212	0.627409163987095	0.295210411660445	0.240978662136254
UBB	0	502	case	0.652519960748294	0.338603675277383	0.585200339522547	0.165763743909395	0.209643322721594	0.479522753134842
CHEBI:64694	0	502	case	0.917298803800668	0.574125621988357	0.840636517595249	0.71430528242953	0.480356487911089	0.909228263005315
PARP3	0	502	case	0.509839453514735	0.486932439429646	0.468813780579663	0.907037296307911	0.112987559416233	0.193782442199078
NIPSNAP1	0	502	case	0.974191483802598	0.262218985690441	0.545222329693841	0.218537741114588	0.132369640030042	0.447987606452409
PALM	0	502	case	0.111184983788934	0.878327698975432	0.634461696770441	0.211835943615888	0.0792973954603232	0.594213032930688
AHCYL2	0	502	case	0.0918718332714995	0.768057900271301	0.880799542861342	0.0650762004173646	0.976160296189226	0.469719097366558
CHEBI:17361	0	502	case	0.105561130735275	0.860981521803687	0.565747646843948	0.22999623088413	0.253619767514479	0.275012973937648
DAZAP2	0	502	case	0.593827604564268	0.660836094448244	0.478458646745197	0.021871875699117	0.719250284659865	0.138747386182163
SLC12A9	0	502	case	0.283595417078381	0.952528145373397	0.68251781671711	0.386794416028229	0.318383666829911	0.926838908385081
MYL9	0	502	case	0.5508108749796	0.298200989823935	0.946733471115376	0.993427789797032	0.51043095721181	0.148476249908329
GOT1L1	0	502	case	0.130974086365166	0.705900010029432	0.545261877330557	0.562635832519233	0.171572304395605	0.358519543033036
CCL14	0	502	case	0.833728948123066	0.700892172871074	0.688785898972834	0.633835426779715	0.90723509510185	0.0904579037306417
CHEBI:28061	0	502	case	0.917880091998639	0.374345601275841	0.77756103760802	0.314993424436676	0.286175231686453	0.372779031664365
LDLRAD1	0	502	case	0.504732317557449	0.318344828077252	0.898299948178677	0.152616233605404	0.46282792316263	0.447286056531946
CHEBI:34105	0	502	case	0.404958480117297	0.597082923214809	0.30704387392557	0.136950773617248	0.129439245288947	0.099624682921879
CHEBI:44680	0	502	case	0.606217932572783	0.388355668657057	0.0828329370324061	0.113271183329894	0.44214048973971	0.452364092600565
RRAS	0	502	case	0.214445740415978	0.817687743973866	0.950395335131906	0.700878852298407	0.590963929826328	0.533362361213085
TXN	0	502	case	0.519932255056438	0.981175704243327	0.0163706608566853	0.179986137481548	0.110970247102797	0.526664736926102
PIAS3	0	502	case	0.989185809639387	0.861989835287155	0.114668433182841	0.803668080429507	0.199852291472223	0.62968105880478
LECT1	0	502	case	0.694873211187083	0.337711990337124	0.216227329276232	0.548438361778913	0.0368774272976408	0.191830732290044
SLCO2B1	0	502	case	0.292831555968535	0.98444840547435	0.516990939531608	0.526489632720483	0.358544688773658	0.411293638131001
RPL30	0	502	case	0.801441737777535	0.548250891256417	0.245542144387298	0.571023363557369	0.134342698970895	0.235693361516778
CHEBI:15754	0	502	case	0.524740163941995	0.745093096440724	0.478854744051061	0.44880106057929	0.399057541172143	0.52352972891717
ETFA	0	502	case	0.816911179049531	0.717469602110285	0.744444447627629	0.303473118594698	0.495472930639889	0.332378948126979
LY6G6C	0	502	case	0.123693456864363	0.445788999516268	0.262431920229879	0.278902309933453	0.00480846355691233	0.473716902300036
MT-ND6	0	502	case	0.895954627639733	0.677724910719689	0.839141805139886	0.444338165332343	0.528314693572702	0.272543425036734
AIFM1	0	502	case	0.515375057119979	0.805838258794752	0.982492501505978	0.456882812653057	0.825773161442162	0.283915129328217
CHEBI:8555	0	502	case	0.606442208248527	0.955895838613192	0.181275170605328	0.842621831470619	0.313736456711858	0.184637117932269
NAT8B	0	502	case	0.8553468718769	0.54151802744995	0.579968709639967	0.187270141616205	0.285175798017812	0.169665012879374
PDE6B	0	502	case	0.733873298781272	0.684863781348805	0.550239103808507	0.452984391203147	0.328723020879438	0.134248402878824
HTR6	0	502	case	0.839749534874645	0.608160988594066	0.678491869414882	0.928879200710096	0.0180221330550887	0.931692742214252
C6orf223	0	502	case	0.828215270033629	0.880847202361808	0.0340571844812154	0.372332279639825	0.443989463403324	0.398823330482776
ESX1	0	502	case	0.879883582417879	0.959116903133932	0.900572290255528	0.678649200703148	0.714536728018305	0.260042990659034
BLOC1S5	0	502	case	0.0440791284676966	0.152901999674792	0.846605947069211	0.465070328743592	0.459780878009065	0.028529450771738
HSD3B1	0	502	case	0.979657439846574	0.668895692810288	0.728763483255897	0.545434258258452	0.904922169553713	0.487552957293551
FYCO1	0	502	case	0.398993422611629	0.831301681950567	0.406473678914791	0.74928371733147	0.386451653685206	0.127982660072096
SLC39A9	0	502	case	0.440186914269368	0.790235136913713	0.95180745705255	0.124877199137868	0.603016552280489	0.464367277418625
HLA-B	0	502	case	0.156807887544396	0.712710917791988	0.911985020914832	0.453234818121504	0.560319008710356	0.742590490862924
THRB	0	502	case	0.326034284066419	0.472597505041781	0.95141431651076	0.0747494384557664	0.845839755610487	0.673391623130582
TMF1	0	502	case	0.894500663904255	0.958059481020265	0.290244208783556	0.703651641928068	0.663318497680869	0.758250399432241
OR2M7	0	502	case	0.143637595059492	0.234302833273045	0.905462749730804	0.467901722684299	0.18819732885014	0.385886376816239
ATAD3A	0	502	case	0.871322066573022	0.464699398608742	0.402530235597016	0.458478681919285	0.100683407202839	0.0803465622400926
NEO1	0	502	case	0.0303890236611514	0.12262390155605	0.933059861765135	0.190436103187897	0.535761698075949	0.172080873523429
SEC14L3	0	502	case	0.753200532708854	0.123793528327212	0.602871560972297	0.025673208318273	0.990832978041241	0.0042964132012645
COLQ	0	502	case	0.700042669529619	0.284458991295818	0.377492173215029	0.0568149604955239	0.0281780829153787	0.652496830492259
PTAFR	0	502	case	0.214512246163991	0.735732806826117	0.664931441200008	0.142935580292919	0.709532015618129	0.369689625970097
NMRK1	0	502	case	0.679904685523419	0.411308102983038	0.792190264444163	0.17141873755445	0.905157017594289	0.376099195620655
LYZ	0	502	case	0.850678902590103	0.935114116049739	0.6926588643338	0.0295152077239043	0.119169322975101	0.516123848264546
STX17	0	502	case	0.901773664047563	0.0522113801305755	0.958713595889891	0.678442770367227	0.440900790942236	0.478321805972902
AAK1	0	502	case	0.419517704013185	0.571186102238472	0.711832456405164	0.114788969165259	0.87576021747857	0.00624688582989652
GADD45A	0	502	case	0.358128352789036	0.747669975681756	0.166906592124375	0.236063923996315	0.864951642952837	0.171435895803303
ESF1	0	502	case	0.488987517379486	0.320243558104215	0.442777173122209	0.289080602151233	0.355150575228126	0.303557434684266
PRKD1	0	502	case	0.929169268992396	0.221652754475949	0.929967171592209	0.3237061227164	0.864549250021238	0.58089334220114
CHEBI:8744	0	502	case	0.466756814210436	0.939273742656297	0.529330969397888	0.801110098991791	0.0209917345100399	0.701207183127599
PTPN4	0	502	case	0.254007850556945	0.482305289358003	0.626474423948033	0.299633699216943	0.0768202549829806	0.804664425130936
AKAP2	0	502	case	0.702530011252343	0.221057099703633	0.923197523158096	0.552770830568696	0.149193663545822	0.117720955924319
GHDC	0	502	case	0.856251116146682	0.819508874942269	0.312475998842778	0.773624822489763	0.327245076240868	0.70212878991997
COL16A1	0	502	case	0.373578782679898	0.195695731019737	0.890687873398548	0.138167156355332	0.173619050225113	0.0382666254153522
CHEBI:17319	0	502	case	0.218994117711834	0.684300146224145	0.805823509416861	0.189413374222062	0.875600480808911	0.3306816983353
PIK3CB	0	502	case	0.5222324430255	0.656846481247616	0.326438909311377	0.0289743825154317	0.757155472370129	0.642833401655145
CHEBI:29750	0	502	case	0.433422713487762	0.990381201487953	0.549879145125724	0.127387192476748	0.229625714585824	0.217403927613111
STUB1	0	502	case	0.741303988298553	0.0336917931210119	0.388784334890571	0.133735686293017	0.358943619285115	0.0769098078480039
PPP4R3A	0	502	case	0.847333436397182	0.489983672806254	0.676120081005331	0.935259793027556	0.267443111282436	0.206758961862981
CHEBI:17150	0	502	case	0.679880234557907	0.583504470467278	0.828396948330795	0.273230055155759	0.337302762280291	0.983253339051778
BLOC1S3	0	502	case	0.858402188578687	0.660154629977784	0.279227334556401	0.638150501471665	0.451559652004615	0.247978552543921
NR2F1	0	502	case	0.607339921764212	0.556830534131996	0.216056596066409	0.367073238198904	0.0290355097235441	0.712831054074753
IMPDH1	0	502	case	0.543044983654388	0.712025249134944	0.0340621281717747	0.236201904992405	0.637101872656819	0.259869027399158
ESR2	0	502	case	0.162324692032503	0.487910625260071	0.436551897742306	0.187318238113239	0.0594587869745378	0.114686005971122
MTDH	0	502	case	0.00565306812684552	0.617600645905979	0.936863710408633	0.54564926492706	0.169196114038212	0.549669496591051
MUC13	0	502	case	0.771485147165409	0.213777574762031	0.262088962808782	0.255116455050383	0.684679742407259	0.218901765834715
NOL4L	0	502	case	0.76478755625534	0.645658662061356	0.569745499842289	0.305823607807962	0.554567312566934	0.312175584209972
MPP3	0	502	case	0.421069352361882	0.380642291284627	0.359553044905957	0.0155486185338325	0.00603583365666827	0.973133082827508
CHEBI:28858	0	502	case	0.72861066056631	0.241285612653001	0.258982420521299	0.00794029708478894	0.0745336154710834	0.0103336015361754
MAN2A2	0	502	case	0.253064287751413	0.52292776215755	0.246471604097961	0.35929113517307	0.370394379387662	0.155206837637815
FKBP6	0	502	case	0.917056748285585	0.413237746494176	0.660732144629048	0.114059615278847	0.824557518411133	0.994082540226609
NCK1	0	502	case	0.887030732228013	0.858553617120829	0.659496247567225	0.416421383244014	0.817516082947517	0.545218287587308
NCF4	0	502	case	0.737072654586589	0.615392848945124	0.391118812134764	0.149395908274354	0.00498320514324968	0.103061071907459
ELP3	0	502	case	0.696714852649722	0.779489501843974	0.0335052596625038	0.434676522661601	0.166226783877916	0.823562689525412
SARS	0	502	case	0.776992905706029	0.954847311419425	0.406015402500669	0.0590388082425261	0.365938838897355	0.427175730436468
RPTOR	0	502	case	0.501903419153744	0.919603246226261	0.716307636801179	0.381030056945427	0.718210476449713	0.920344682595652
CHEBI:34374	0	502	case	0.425496828002627	0.384815703553521	0.921336414781853	0.722369468378458	0.159423636777771	0.528012158818769
MARK1	0	502	case	0.611237130774301	0.162643016406274	0.984015743254487	0.0951192289399846	0.278771470720201	0.870834639780891
KRT10	0	502	case	0.855771891361736	0.796751419775717	0.983420872823396	0.66719039744132	0.644938447686513	0.352810810608377
IFNAR1	0	502	case	0.670797108980223	0.113817179634133	0.896306092986061	0.296400554372516	0.287204149170803	0.400152411523643
SLC1A1	0	502	case	0.523592044711161	0.158824298675419	0.865703209612899	0.598562764039922	0.321930892683723	0.597922890497427
CHEBI:37737	0	502	case	0.298815410107022	0.355828116252427	0.800960972217418	0.151851989802075	0.155416794977341	0.911517928166822
CHEBI:80452	0	502	case	0.703969078651195	0.847758564395726	0.554978851487549	0.436377106681521	0.387663140685647	0.13298701913312
CCDC14	0	502	case	0.381610875988882	0.582781196988989	0.418872147516562	0.0126823005250837	0.895733134019957	0.0421674174049691
MTA1	0	502	case	0.887860955311228	0.925837988949836	0.654620743083901	0.263679653547978	0.393613327737208	0.59570768744932
GLO1	0	502	case	0.842949288995289	0.575078267707539	0.863964912060124	0.511385232060082	0.675457742148991	0.919679296384555
MRPL16	0	502	case	0.89879855583219	0.00997739496020689	0.274598434868982	0.215084888111855	0.252214194594822	0.293775812244145
IKZF5	0	502	case	0.939003091446555	0.809377285817869	0.840163937389387	0.346109790896044	0.949987708485075	0.545039342418705
PCDHGC4	0	502	case	0.00309069755746516	0.268440158291067	0.26816943383197	0.0557525615493182	0.109655161101898	0.0952627683681123
TUBD1	0	502	case	0.26072735120432	0.481009535929008	0.63099957992261	0.474483940516422	0.274333396208018	0.0290768197651279
C5orf28	0	502	case	0.424084818805879	0.0486022982418921	0.959111852529902	0.303643571137111	0.158449300200466	0.11159037338325
FGF11	0	502	case	0.29849944705924	0.605693064183021	0.605353188516464	0.260014180767495	0.80736519625422	0.373596632230918
CWC25	0	502	case	0.338084793851282	0.82370364537992	0.576451321456248	0.589103551202266	0.265053593193212	0.606453634019215
PPAT	0	502	case	0.85948010720679	0.810614962671604	0.807378820903335	0.479733615438452	0.895899397129799	0.846388684543292
MGEA5	0	502	case	0.340478310765433	0.802237016029933	0.654968061518584	0.198650616984483	0.607986088024156	0.701945689210205
PRDX1	0	502	case	0.138120403050086	0.708113376406747	0.878228395135494	0.239012662248282	0.0144008386388609	0.392873914420265
TAF3	0	502	case	0.507798955352603	0.859377854303028	0.902372925442161	0.780193479231517	0.344028748760077	0.571868663025823
TOM1L1	0	502	case	0.85665647689169	0.781084518001382	0.152232856672578	0.6173099191591	0.533664735315603	0.249773735183737
CDY2A	0	502	case	0.695690926828769	0.993343249930919	0.790975648641478	0.716132020170876	0.446737300620639	0.343329145359396
BNIP2	0	502	case	0.450388154351925	0.650618543907727	0.389827192453456	0.462385367587806	0.144827989332741	0.302230928274436
HPS4	0	502	case	0.949706353503532	0.24387310214232	0.734179906575914	0.401210546056948	0.833760065956362	0.0232211975966347
DNAJB11	0	502	case	0.447007309334704	0.506833376635886	0.782728942751883	0.59106817494651	0.303756168655075	0.655948169533555
NDUFS8	0	502	case	0.587571263995313	0.95075798274589	0.532397693218747	0.446001520274253	0.0892187674766183	0.856537601321621
COLGALT1	0	502	case	0.437418475701721	0.606537245952291	0.62580333117104	0.375418783646653	0.763926622410418	0.208790395872381
KRTAP4-12	0	502	case	0.467910465807746	0.401536353789315	0.0620424925095289	0.111678374014769	0.333547273199825	0.414360088039167
CHEBI:36274	0	502	case	0.860827351057875	0.858691021937975	0.129611982278315	0.904463234412108	0.38973838244907	0.229565213863562
AMPD1	0	502	case	0.466512012381487	0.920484982161385	0.450614072287436	0.633276998600678	0.150412879875541	0.818370198964757
PLPP2	0	502	case	0.498104487122709	0.750838889493125	0.672335843922579	0.905411643486748	0.333704420658865	0.360443493262076
VPS39	0	502	case	0.229468774748017	0.796815787888053	0.498445424254591	0.0142282768725254	0.5502939448828	0.747674118436213
CRYL1	0	502	case	0.0673833136089066	0.504550190608271	0.313832359872792	0.11187073833634	0.117089469573958	0.394470982041155
PGAM2	0	502	case	0.888390934804578	0.610687951481901	0.641631167720519	0.629463131041725	0.398550434016254	0.0966363468817153
DNAJC13	0	502	case	0.23316768566966	0.70379673535153	0.786386643614576	0.0607094478975195	0.831383004688908	0.265391614825356
ORC3	0	502	case	0.711735093007919	0.728683436587994	0.497868010687049	0.477439086586489	0.500785757513212	0.936860742600308
FARP2	0	502	case	0.872812993042854	0.887284680027887	0.818434615976952	0.305545802598978	0.126314479899365	0.568258588342543
CHEBI:456216	0	502	case	0.980562829715054	0.421746482549435	0.411690226251413	0.315808340008749	0.389569371944222	0.762348502525266
CHEBI:17513	0	502	case	0.644794025985376	0.411314174537886	0.794006240687227	0.31130218122975	0.490137663316258	0.185615868606856
RIC8A	0	502	case	0.896409779453934	0.959141340568648	0.343208220509353	0.34497687110554	0.886904095824422	0.516770005620535
RASGRP1	0	502	case	0.724991961357239	0.500272550942528	0.491113748307781	0.172790403055309	0.775785103656777	0.293370644224903
DCAF4L1	0	502	case	0.588366445795251	0.976631596742213	0.477484208997986	0.959588376293602	0.46965723894088	0.129582432240684
TDRD7	0	502	case	0.428960353778007	0.994990261820298	0.969091958454476	0.0674134763683253	0.18425899678177	0.672015577816978
NDUFAF2	0	502	case	0.60882144904436	0.66532471074016	0.729017888682995	0.324096590428357	0.861992146483479	0.790587527491233
FAM177A1	0	502	case	0.957975188197358	0.964256616169518	0.765650616008666	0.640346912484586	0.125649252286031	0.546013905045363
CHEBI:15905	0	502	case	0.886235111325751	0.531126526815322	0.770156849951834	0.766737557593821	0.612605067498194	0.0490826014713077
HDGF	0	502	case	0.814920271448039	0.404383857307768	0.396076941209457	0.627455609342921	0.0429677132819266	0.362969029951081
KRT5	0	502	case	0.879866440284003	0.95058159140845	0.258094618284834	0.306396105344489	0.36930817955419	0.92728035439936
E2F1	0	502	case	0.593420567787491	0.0846266385763814	0.72642597902203	0.615034263753935	0.274099065906944	0.175125904798296
ZNF280C	0	502	case	0.650459322478062	0.858311678125839	0.798920120530614	0.765467158330414	0.595334513926938	0.778546128041703
NEUROG1	0	502	case	0.857374060834467	0.347915686667056	0.930248163138044	0.318613733518638	0.781641320694625	0.810784541101316
CHEBI:17082	0	502	case	0.972089161712842	0.953569051566716	0.650040581422713	0.200074611449477	0.788253800442339	0.915723151614534
CFAP97	0	502	case	0.835404550444859	0.768244859070775	0.253622841789289	0.551910735123011	0.485612829189145	0.135824589221803
APOL2	0	502	case	0.835713348170861	0.615531879840537	0.843180912870887	0.403811623172016	0.873756072506857	0.858316796023346
SARS2	0	502	case	0.049857501345593	0.918922487452317	0.293958774213842	0.750115800816356	0.33384708318725	0.0186464848449687
UFD1L	0	502	case	0.943169839655479	0.702138228304602	0.0933071628967971	0.384786122713223	0.494357067828648	0.816657869237454
NUAK2	0	502	case	0.321473069869989	0.743674955204088	0.797884972292497	0.0614085102251287	0.0312089596566836	0.116220449710662
KLF9	0	502	case	0.806466803793334	0.385102276784062	0.711402626220883	0.213691490822888	0.827574414768107	0.488556380805457
RBMXL3	0	502	case	0.601398755252809	0.25150378917494	0.783406783842256	0.543873364464748	0.264257437743154	0.347448406526296
TRIM15	0	502	case	0.799185035044316	0.472122874247366	0.825415460073693	0.900963206050373	0.7938643359396	0.285286735469464
HLA-DPA1	0	502	case	0.972852237010803	0.297508174424547	0.880839127459738	0.540947224212142	0.936419265220215	0.191103739299451
GGA3	0	502	case	0.748489909977082	0.650474093241864	0.280684817595266	0.857368192475905	0.241103511012773	0.0503524940495049
QDPR	0	502	case	0.567841149738807	0.891393305520928	0.599142509308593	0.198017363329941	0.20911387941948	0.54844947195608
CHEBI:27694	0	502	case	0.298964163457197	0.861106466709371	0.02622613864761	0.155609101290637	0.272472027662029	0.0095178987256791
SMAD2	0	502	case	0.886563794411547	0.399093911604274	0.833910870716356	0.661073988932246	0.331411414741901	0.90854440365025
KDELC1	0	502	case	0.446800862782801	0.887883023404443	0.194893367249896	0.0186026419313314	0.603074701436595	0.705296743968039
RRS1	0	502	case	0.815987253296207	0.25652801190383	0.829788035104075	0.291102936564624	0.184014863849	0.243330313461752
KLK15	0	502	case	0.859593453475272	0.619157352979331	0.67111654953098	0.76464045426978	0.30891538156382	0.938899963410325
NAF1	0	502	case	0.899156434256364	0.826199028826719	0.734309066385156	0.68211606104951	0.90918705194888	0.60622620517904
B4GALT3	0	502	case	0.899935500526176	0.655693101208612	0.499481777820457	0.137854510225166	0.93688434585519	0.792378324816737
MCM8	0	502	case	0.524106009617363	0.546452584058729	0.943299937460375	0.629811667025549	0.0318788407443867	0.836167527246825
SLC35E2B	0	502	case	0.706107594508614	0.233375412573706	0.113755361650924	0.348368402231864	0.424902843333343	0.251275130098045
TNS4	0	502	case	0.831359756387049	0.361112936249855	0.964850707268855	0.486310193286963	0.521581278940114	0.431948595536914
USP4	0	502	case	0.957112178001164	0.207156646144958	0.716676412592981	0.46088405674605	0.255204680450144	0.0676409487514369
ACSF3	0	502	case	0.638243709424706	0.886328109630447	0.328087741248748	0.280265224232864	0.767300602484737	0.177062066596412
CCDC148	0	502	case	0.343005811970325	0.472229859496957	0.753524141094147	0.0762044335388465	0.562665501616448	0.246035200800865
GLA	0	502	case	0.786200627030544	0.810920785648706	0.253716352276902	0.165706296551124	0.368079409452616	0.288204888870018
RRAD	0	502	case	0.723089959545472	0.476507752716948	0.53442501679032	0.398748973477181	0.337731006946369	0.237341669493572
IL13	0	502	case	0.58243142870448	0.87572061278464	0.157704145695579	0.511334385523834	0.0868954399451265	0.220730281527239
AGPAT3	0	502	case	0.0920687067543677	0.0972813490916307	0.937450760032403	0.091933938842531	0.18738106742477	0.378229055354728
CHEBI:17813	0	502	case	0.399263314281429	0.50432425279886	0.447368793703639	0.298131346189006	0.0155415941457361	0.664447578762588
CEP89	0	502	case	0.697649568457898	0.763495679287094	0.532783437696949	0.133172784517682	0.0946863574453204	0.314755083048005
ALOX15B	0	502	case	0.66632648848951	0.72592765659386	0.773114812272379	0.166627082935154	0.952482638232214	0.295544730059373
ZNF229	0	502	case	0.443066089408273	0.701328058598017	0.881681142450407	0.31710394116872	0.843061196139862	0.295366080158357
GPR4	0	502	case	0.616421331646761	0.170625413666577	0.641105051660087	0.218271272437479	0.320900690746152	0.0258192482641476
FAM83D	0	502	case	0.559677931615908	0.919777194544381	0.496191996945931	0.0390136924156214	0.21222171433272	0.302340547746726
S100A11	0	502	case	0.679219655394007	0.324562012755833	0.943608937038841	0.0372015327510951	0.365729487415287	0.673256460743765
SH3BP5	0	502	case	0.959380581307086	0.0835821136679928	0.42693960927636	0.00333456174371782	0.344912389725989	0.840722266443398
CHEBI:41721	0	502	case	0.775334311958986	0.512665533605464	0.0331284411700892	0.142464354163468	0.692681628396483	0.420854280434659
CHEBI:17927	0	502	case	0.607726966322105	0.832864824781385	0.929433878785966	0.862405458890795	0.716603864448832	0.703737349590271
ISY1	0	502	case	0.948002359333351	0.904613498537146	0.924982251332918	0.276037416106544	0.80034349643769	0.481286619331981
CHEBI:17815	0	502	case	0.986680043980283	0.298017055986365	0.786859645603551	0.567617714955188	0.559509166370969	0.859973843692663
TAPBP	0	502	case	0.772206732094026	0.691711635714817	0.511582243380335	0.333032553637148	0.0430899603777365	0.00889723397954534
C22orf46	0	502	case	0.680899555553953	0.924548307619519	0.684793764143528	0.414348152562633	0.659647529115392	0.275201060262919
CHEBI:15768	0	502	case	0.380149202893181	0.482673014572774	0.872578967039445	0.0577392977967374	0.22699474981533	0.152099956273812
AP2B1	0	502	case	0.0296677515101038	0.883961534752615	0.845882505221427	0.594185462784967	0.344217969775603	0.283419108447771
ST8SIA3	0	502	case	0.472321065084073	0.19627691321341	0.909395614856024	0.309563092541107	0.0327508258606198	0.7841270274749
PDE6D	0	502	case	0.975844804109989	0.543694993460822	0.523682703745454	0.0931269898117809	0.770300114624033	0.731293549857125
ARMCX1	0	502	case	0.555443538619757	0.314620748221422	0.650345273658944	0.319027136248953	0.509646636811985	0.246621834068679
YIPF4	0	502	case	0.462018163773892	0.83917947954026	0.762853479752345	0.684516890301582	0.330669018224895	0.686552160189959
PRICKLE3	0	502	case	0.991203199868745	0.416922007301322	0.631919148712233	0.14124415843264	0.576704962817838	0.985055604524747
AGBL5	0	502	case	0.968777662942908	0.601023484608767	0.833466981520768	0.325143400597059	0.150015387587698	0.0238497596433673
CHEBI:9254	0	502	case	0.379573485440289	0.795361567918927	0.44386535683262	0.95178155766075	0.193833694009784	0.393628460946228
MOSPD1	0	502	case	0.911889812500719	0.3546228545481	0.744381309987074	0.295395849171415	0.493802089353527	0.0238854731844742
RPL23A	0	502	case	0.156693847233962	0.236804807064439	0.429742543433021	0.442740383821396	0.0448905722328005	0.0567461275568246
RTN1	0	502	case	0.542991694845257	0.816526970819136	0.97579775303611	0.913520615552384	0.633544303156179	0.520390906147981
COCH	0	502	case	0.0596910323858083	0.846228364063407	0.522339908013089	0.533254359985603	0.498099762823955	0.0760864589193043
FAM46C	0	502	case	0.658030305628083	0.370186850863759	0.909629978597814	0.804076444490502	0.0596236289852767	0.406259745646239
APOA2	0	502	case	0.889635303379043	0.383229531559576	0.383247921340015	0.562660356611037	0.515163184212802	0.430212874307518
VAPA	0	502	case	0.109632606115212	0.861334748060102	0.884452236904782	0.750876451961769	0.0531949390179804	0.65931227475277
MUC5B	0	502	case	0.437773114218114	0.463909192882959	0.255017609331153	0.00923035437930009	0.843631920552928	0.218391174494733
CHEBI:87602	0	502	case	0.280230089607324	0.570548219905534	0.909049841942801	0.476784851857698	0.594672781587329	0.0810886587320904
SLC35G2	0	502	case	0.985246312451203	0.695306808701783	0.894560444751255	0.250329526525303	0.691018830555377	0.467671672157908
CASP3	0	502	case	0.608758707334404	0.960917273175491	0.398517160990578	0.307918258418837	0.647226771882314	0.728671716514413
NUMBL	0	502	case	0.545004891218423	0.570892489230996	0.894511885444997	0.520476252773875	0.176943992133502	0.252779362261954
TRIM14	0	502	case	0.827803931470922	0.927112147047291	0.214165803867894	0.22554612939767	0.474905196360106	0.220095317728444
CHEBI:57390	0	502	case	0.837006271022824	0.863765569817538	0.00385915886072064	0.567197873830803	0.842403609497674	0.235804992489581
RANBP3	0	502	case	0.874942721542349	0.751779355061302	0.640917035139739	0.123877511497801	0.691622057235644	0.711011230032179
CHEBI:16311	0	502	case	0.856350768537266	0.982940511503982	0.825620811888813	0.646502710583242	0.162657424701267	0.439577433804283
CPA2	0	502	case	0.899776018962328	0.70963870247907	0.883688710947261	0.128169077499018	0.428096119735541	0.562793600207276
APRT	0	502	case	0.21786512393647	0.175436145519359	0.945372957985459	0.0813205028568441	0.0418518662382871	0.990311323399718
CHPF2	0	502	case	0.474215160481872	0.909411483043429	0.801320064711665	0.0273988510815916	0.666150366031971	0.336818265944374
CHEBI:17883	0	502	case	0.469393502041835	0.57059970408596	0.625165396779904	0.539330947126751	0.344728343726005	0.417079119883688
SLC5A8	0	502	case	0.413769939249495	0.562879230350446	0.698985352759655	0.373834916709097	0.0272515642671105	0.554477016050884
PCDHGA7	0	502	case	0.265301726053799	0.535117267476248	0.839657227724237	0.77525771213823	0.0174479807938583	0.721597132004682
ATG12	0	502	case	0.894235714464514	0.361932727456263	0.715905408292378	0.710380975024432	0.415545708937644	0.000260855170530649
APEX2	0	502	case	0.0693676026690024	0.913813503547356	0.412273158549075	0.414835533181356	0.95950052865169	0.0111677697481697
ACER2	0	502	case	0.379369834686065	0.658774142295879	0.781392022002529	0.949123025507723	0.1505778963445	0.706984202646605
CHEBI:17295	0	502	case	0.419960369410699	0.744557714206159	0.90206951454967	0.732923311686192	0.726165419489224	0.265120839031383
BLMH	0	502	case	0.239877473491883	0.84217757318696	0.28963608587814	0.38468000462379	0.108846200368082	0.326573618038929
CHEBI:61683	0	502	case	0.597654516413679	0.516657167709074	0.499557926109802	0.0400827288350992	0.161351540475342	0.093233937019789
FBXO9	0	502	case	0.479404403601992	0.151868701454032	0.783590388178023	0.582933585930967	0.297010289521935	0.0415993525173467
C11orf24	0	502	case	0.898547501835201	0.380664274287961	0.677062062697606	0.56471264171437	0.423582438892364	0.759280151237716
TOMM34	0	502	case	0.93470923791381	0.821019401441083	0.1498117300189	0.355182617448626	0.528414418289072	0.324874493506119
CHEBI:87182	0	502	case	0.817886833811117	0.1713643793428	0.696619479617911	0.88020082100168	0.275097372620348	0.521821812384203
ARID4A	0	502	case	0.743220570404508	0.966471986909258	0.945946287415715	0.624015546339929	0.792784736413836	0.668978416949832
CHEBI:58310	0	502	case	0.899709782516549	0.806292596514217	0.886411849242866	0.295741411286576	0.273747993077394	0.473121620923222
GPX1	0	502	case	0.335911171345859	0.999773122694756	0.679408745931636	0.29370599439237	0.101550723794203	0.665635914258534
ATXN2	0	502	case	0.366162436149062	0.400292883883605	0.827051909456158	0.16036438186983	0.295302241154495	0.434029713819417
HIST2H2AA4	0	502	case	0.289484866389565	0.613545882666124	0.428641340603978	0.603301000059333	0.391818329756063	0.255003789510392
C6orf136	0	502	case	0.0683708974452039	0.988061285755543	0.0144567471162916	0.161396968499513	0.206963300889426	0.0752005683697703
ACAA1	0	502	case	0.443016592662236	0.188389541510827	0.792023281983178	0.314698962300904	0.193143288141933	0.472616371195739
ANKRD17	0	502	case	0.8989397369643	0.0228596236256173	0.419736609978054	0.183195571521365	0.602900907521622	0.32381119585237
MXD1	0	502	case	0.353639001785661	0.449404181948484	0.532536544340956	0.447473272545392	0.198180187967336	0.430986087686128
HEPACAM2	0	502	case	0.569111025443708	0.868726544739881	0.899081837742182	0.279816289960718	0.85307481422537	0.996462675076854
PAPOLA	0	502	case	0.875032726365492	0.528610767442621	0.544833398468742	0.931763908416897	0.429081790557031	0.265018285144099
NSUN5	0	502	case	0.348574977103892	0.914135168141916	0.901123950170368	0.399692412962547	0.925658579314925	0.792067001328556
POMC	0	502	case	0.0419210049087696	0.973930177058907	0.0518267089040074	0.379423156844245	0.373077718311826	0.134609260492325
CHEBI:57345	0	502	case	0.142339719388392	0.58542595866233	0.808602518680107	0.592846449490407	0.698246369162013	0.0355361484202162
IFRD2	0	502	case	0.740526589300887	0.926532588931345	0.228683117248675	0.205237662103164	0.100866143550775	0.562977064850486
DHODH	0	502	case	0.456525127319	0.593560772481158	0.822401807645737	0.723618278102201	0.412395000208901	0.230882795329875
ARHGEF7	0	502	case	0.668249315315529	0.883615304924768	0.348234578993427	0.575147612830649	0.924708227033502	0.144762424745718
POLR2C	0	502	case	0.699246075603127	0.424475931087654	0.165470595368233	0.200232503636967	0.0555504735405636	0.677095829206699
USP42	0	502	case	0.628693341954442	0.0707635824773016	0.955369765277556	0.423730001010525	0.240640116346963	0.510472306979145
PCDHGC5	0	502	case	0.877763925090051	0.924772431183198	0.6802907117056	0.544750962597235	0.227808606940135	0.694706652140736
C19orf12	0	502	case	0.662351739628039	0.642079416141701	0.860562114724664	0.527967383839007	0.357120387132325	0.595292948344732
CCNE1	0	502	case	0.875413611874801	0.104499667897575	0.939093515352434	0.185107820794947	0.924102561054751	0.506110755115878
HSPD1	0	502	case	0.467517018838227	0.700225073689456	0.680193964448052	0.0816897139884339	0.502498346328144	0.776399255277813
PROSER3	0	502	case	0.714242406919872	0.214478867551072	0.885618134429019	0.434984157549178	0.458682510872841	0.832142882335474
ATIC	0	502	case	0.652420835422264	0.703004391018124	0.0733909466937926	0.0342174132925895	0.0703072409946732	0.0190784299669665
PRMT7	0	502	case	0.715107031762305	0.547286633863654	0.084952215865014	0.169323948454534	0.931702775674971	0.113997864648988
ST8SIA6	0	502	case	0.504810623023082	0.553483419934252	0.728764079592672	0.593382473210353	0.108900913968859	0.84042044696273
CD44	0	502	case	0.497838309030001	0.985456950514749	0.651248663216932	0.772359586986895	0.146062140347686	0.429435629479966
OSBP2	0	502	case	0.935975553324428	0.634278202982618	0.169501870614945	0.0562736157423926	0.693962928564284	0.793778670348512
CAPZA3	0	502	case	0.117145165727576	0.909186957080075	0.63380085819396	0.384284325544405	0.0437233988696382	0.608101843262703
MND1	0	502	case	0.839253615059596	0.957139158310899	0.886325971168106	0.555390110486142	0.436744819062915	0.0477706574946866
ZC2HC1A	0	502	case	0.970144632898035	0.439923122280153	0.114028435678071	0.295420103219611	0.344748854345864	0.698346125142574
KCNJ3	0	502	case	0.215169612804033	0.601542593515676	0.442541151650179	0.366120002034356	0.0488061184240225	0.257109528349725
PCDHB12	0	502	case	0.760343346418237	0.720262361570523	0.659547888161553	0.349048328671612	0.225202909375981	0.69090150378119
BACE2	0	502	case	0.651368342531714	0.867518386466464	0.554762325956739	0.350347861866455	0.0600955956355986	0.373541166741193
CREBBP	0	502	case	0.743706144622944	0.559357067397456	0.879278484511919	0.192997944876553	0.940506090100758	0.0788164973630092
CRYZ	0	502	case	0.301953469127232	0.46462777102732	0.557857690719796	0.919576138372647	0.0925305777674283	0.0309299369336496
TOM1L2	0	502	case	0.0896119352021238	0.430300900780404	0.752334060151411	0.288692050332415	0.333977931176734	0.626900804567717
TTC14	0	502	case	0.825965482484244	0.773985920020414	0.894900792229508	0.550859427511333	0.651049642981125	0.936996636793824
PPOX	0	502	case	0.389587008921693	0.653920421280792	0.84184417306489	0.919324153814327	0.503910776363358	0.319935295747151
CRK	0	502	case	0.775304853268839	0.657729271666528	0.130856682645948	0.0900485221385604	0.530925140628448	0.74517472806789
PLAU	0	502	case	0.905158338091637	0.505086084355522	0.0289020656650996	0.577723290040737	0.282511265779884	0.514080993552528
WNK2	0	502	case	0.864254686057084	0.342421402767108	0.609049324383808	0.967031884473414	0.330671885619597	0.291817737857962
GBA	0	502	case	0.997616182183573	0.711556426991232	0.301146952100848	0.525233844620492	0.124322479444047	0.615855992133189
CGGBP1	0	502	case	0.511008154246046	0.480933407391951	0.49557447903043	0.331276852824455	0.157387547750491	0.560914262096457
POLD2	0	502	case	0.873512175935722	0.729180222121572	0.258163023498381	0.431593646762121	0.414998271586948	0.279859395181155
BTG2	0	502	case	0.0702214723365389	0.937559238963407	0.732854363876553	0.717901601019375	0.687332798473363	0.151849633345938
CHEBI:28111	0	502	case	0.922713429546706	0.903068748626668	0.746041563257602	0.890027987368058	0.679977496766688	0.0396985204005581
HIBADH	0	502	case	0.564260919599778	0.218192642130913	0.809789107094191	0.134706058376893	0.00938667700924689	0.80162230631508
BCO1	0	502	case	0.431462053674345	0.873219340172905	0.745233681211662	0.119912755397263	0.128609573532336	0.406416889727256
KRT31	0	502	case	0.546479648029272	0.165392246853951	0.685944708438845	0.385728464443744	0.223074290279877	0.630077021670898
EML4	0	502	case	0.496537318440195	0.691436563311207	0.969483564592453	0.234036569972519	0.787740194021004	0.567686157113902
TMX3	0	502	case	0.98199328087302	0.768335147059746	0.411184890688863	0.594790142248649	0.558240701061404	0.336660850217914
C5orf45	0	502	case	0.992589818472072	0.909464806507279	0.195055322681085	0.622442641967573	0.0634021161483509	0.333655919554046
CHEBI:34487	0	502	case	0.213214778797911	0.572254745571166	0.522332917921855	0.729240307495485	0.337391081769921	0.0502386763099912
TPP2	0	502	case	0.726637099604961	0.126098827482582	0.925232416679281	0.932912110039707	0.412305545422802	0.414375943507169
DENND1B	0	502	case	0.529745693905775	0.30011677753376	0.215889142296026	0.0964436793421524	0.507618332638558	0.330523570628246
UGT1A3	0	502	case	0.511874431338254	0.951107357890273	0.906606243116842	0.233564709215544	0.214835656563848	0.858025370209453
TRIM3	0	502	case	0.551961846254546	0.766299363331997	0.680041945628298	0.0323283382069697	0.292829641356233	0.788283984026919
CCS	0	502	case	0.62990794476248	0.639570217855257	0.545284934032101	0.0185029353190032	0.102537452785395	0.133044583459622
BECN1	0	502	case	0.555307624725453	0.729321726243568	0.509110374446584	0.701496390153979	0.546363901182181	0.23776975438524
C3	0	502	case	0.15986884315247	0.90605173557551	0.783419430439279	0.244874846890166	0.205583924928062	0.682221161596553
CD93	0	502	case	0.119675356519242	0.580617547397133	0.778043849281618	0.230695345634932	0.276246602073697	0.287662210628729
BRCA1	0	502	case	0.952125308877993	0.475235157492277	0.727697443692381	0.537321413436084	0.22913955249854	0.183019317387167
CDKN1A	0	502	case	0.975853970932192	0.805320486225532	0.650986797126378	0.205008252217627	0.952928414501858	0.961219012410983
CHEBI:64489	0	502	case	0.86272212813883	0.709484975196481	0.53508126571778	0.375583774965978	0.656921910028513	0.67126664903198
UBR7	0	502	case	0.834270163718799	0.658116181223384	0.670457661455949	0.812815650855027	0.580469555874256	0.289841958143097
CHEBI:29173	0	502	case	0.813591192402868	0.633982547890093	0.440534471776437	0.903790906459165	0.503230133613125	0.0582078244969975
CHEBI:16509	0	502	case	0.904405696492435	0.149607091618741	0.395136375845411	0.0432088518866429	0.281626628145212	0.677100559769676
ATP5G3	0	502	case	0.37882313072617	0.954958901813773	0.751348651125886	0.233335662736813	0.702675221153008	0.351987321656847
NMT1	0	502	case	0.24326952247059	0.957514350171183	0.490433033651247	0.170282742970061	0.378683694796009	0.79300223573447
CHEBI:6270	0	502	case	0.981728773776423	0.971110663095709	0.250851633092814	0.275461075952424	0.0315568425574113	0.687341206893558
LPGAT1	0	502	case	0.283444185689061	0.525073079219425	0.637960896081718	0.346670983224879	0.469746884935762	0.421435885869654
THBD	0	502	case	0.682457664450218	0.862339211479325	0.709445291503946	0.2973219378091	0.519903186132389	0.659342526120964
TRMT5	0	502	case	0.358124530982	0.896404903464912	0.992619809281419	0.404426208195778	0.766312112602389	0.633427129209305
CHEBI:30828	0	502	case	0.98692676996185	0.189010555411161	0.9321948700926	0.302237425794988	0.336216599694675	0.52514600876635
ATM	0	502	case	0.2503058863617	0.941230937873485	0.953539972829461	0.359743894064038	0.326902007816966	0.511906009740829
N4BP2	0	502	case	0.811346615315006	0.975707125670632	0.162795658817501	0.12489957161308	0.311106848888362	0.748330262803477
DHRS4	0	502	case	0.80062297914795	0.746551427132036	0.240227119123713	0.36293818661831	0.102886548069359	0.68646773390447
CXXC5	0	502	case	0.437894257905023	0.489125519571328	0.813544823896987	0.457896198017245	0.698897416325079	0.3423008625495
CHEBI:15428	0	502	case	0.350380372413469	0.849893821239637	0.0767098742008153	0.0776153852163201	0.659450255872462	0.387033572005669
PDLIM2	0	502	case	0.47849749719769	0.997041443878	0.354473095439048	0.904921195882039	0.326097341551261	0.0261759053584362
NAA30	0	502	case	0.905330607244364	0.861348176416565	0.0621470516173679	0.661857942093214	0.0363349019473779	0.365511412831231
CHEBI:57394	0	502	case	0.640194248332222	0.909139024470062	0.701843478892324	0.200024595896795	0.264742744870145	0.421458698859179
RAD23A	0	502	case	0.565910591001657	0.878872884638524	0.616787239562239	0.665105984350354	0.44929962442202	0.314438776057226
KIAA1671	0	502	case	0.931616136977195	0.746182237657744	0.173771583224603	0.541299839388014	0.768655178962958	0.225661691348409
CHEBI:57865	0	502	case	0.685687136978989	0.509022256836494	0.498696405983114	0.557047467058915	0.314700292825058	0.133966105678184
ECE1	0	502	case	0.26031809566653	0.831111503195807	0.830559738735304	0.482680551891677	0.0782379885024695	0.492432971268393
COL4A5	0	502	case	0.569268171077019	0.928010856738739	0.81835988248334	0.807985579141521	0.171943833266124	0.748213626946422
PARP15	0	502	case	0.319301591520897	0.88373732004521	0.000326096340118931	0.572304395272699	0.0894485867323322	0.0077052847671536
EDRF1	0	502	case	0.910802232216941	0.387862894629115	0.640389224633762	0.00898485336788568	0.917812202791595	0.615621671090482
TSC22D1	0	502	case	0.627005316409309	0.709638857830719	0.346140201697452	0.0291555821799541	0.779889004323627	0.582382188606586
STAP2	0	502	case	0.913182345900904	0.944331282902017	0.249619835400228	0.779817267477441	0.708339230111793	0.521803760752112
CHEBI:28181	0	502	case	0.740007581416152	0.640929124395263	0.640077289145426	0.251621824309164	0.393825024763218	0.18230695765641
PEX3	0	502	case	0.817634859708731	0.808612509899044	0.787552972956609	0.13345452861896	0.428308845834898	0.559392128803714
PDHX	0	502	case	0.600344793176493	0.853371006453131	0.269994423620667	0.564473921782696	0.423025608994076	0.626474489391048
ZBED5	0	502	case	0.0849970645027028	0.398117646920762	0.84398236072591	0.540981282819544	0.218924283366909	0.0301299972742376
TMEM116	0	502	case	0.922358001090054	0.115493808747709	0.740468380221871	0.0689214476617044	0.496764652079592	0.64227305727191
FBXO11	0	502	case	0.118853276619748	0.828905549640201	0.0654361827556491	0.315472991527951	0.0491429593922389	0.43734220305824
BORA	0	502	case	0.812832533015109	0.791040323906674	0.701552809275043	0.0420390381653749	0.860024759716473	0.581377474019122
CHEBI:15486	0	502	case	0.71264679475915	0.785776285897775	0.597833772320779	0.408709992443545	0.954775008053706	0.0946100322363238
GRAMD1C	0	502	case	0.252853745239273	0.834011655118891	0.0894369651433987	0.121243677375576	0.00291835029377641	0.73242090550251
TMEM87B	0	502	case	0.767243594526935	0.13135368534335	0.731278705325746	0.591944834715854	0.24817996036152	0.63101044889175
CFTR	0	502	case	0.0498618850472403	0.75978347118252	0.903856576224039	0.359652173164073	0.346290120726571	0.468206154981374
SRSF1	0	502	case	0.685288567608909	0.92573618067275	0.452231787215498	0.719306932475474	0.233338712802426	0.314362331018771
MUC1	0	502	case	0.746684629968725	0.259401160852536	0.241278155067504	0.260843351982082	0.225927682042708	0.562026895384302
AK4	0	502	case	0.977255648345669	0.21302176736209	0.731865059823696	0.493079306041446	0.448443245432694	0.663726669250216
CARM1	0	502	case	0.877469536014124	0.47910978255359	0.540215087042906	0.199110301818659	0.902954947885711	0.680311278220873
WSB2	0.0368338742782433	3	case	0.806095983510647	0.993903639578547	0.953827837894086	0.157285874413643	0.0127008682661497	0.930120144061947
CHEBI:16235	0	502	case	0.531689585894733	0.772655572388859	0.983496924216579	0.141323291186943	0.935234397675956	0.217680661784721
CHEBI:29747	0	502	case	0.355033321773383	0.744066567298336	0.248344038446042	0.0793022450665238	0.969800379015831	0.00852193725918504
MEN1	0	502	case	0.515772858133538	0.0878218441574162	0.830054212606881	0.487663607210372	0.122085694580906	0.586448450735631
SLCO1B3	0	502	case	0.790644897912478	0.797985957677618	0.489039332451187	0.460325494339181	0.760957470100977	0.396552847483153
CHEBI:15475	0	502	case	0.204492581358956	0.655582372961194	0.76072825611808	0.515677249607505	0.579361683136027	0.186402773848738
SLC2A9	0	502	case	0.678106077559796	0.0323355534464184	0.915107935348786	0.271994390193763	0.621156542467873	0.392816398668311
POLH	0	502	case	0.0524855426380236	0.557066829681192	0.900974956264358	0.231579838051303	0.489904240446515	0.154593839817764
ENPP7	0	502	case	0.678568638819314	0.110408048956958	0.547061105978206	0.908697326644413	0.144134244539961	0.149752074201497
CHEBI:30566	0	502	case	0.946008945084062	0.216647376280279	0.78470948099561	0.603642852234244	0.635175705304298	0.679545951702308
CHEBI:21557	0	502	case	0.908438370578178	0.138661882869267	0.746889151997501	0.598590500684565	0.669643258984183	0.0148900082131522
ARL15	0	502	case	0.509953037053204	0.881899200733092	0.475558224441359	0.668487146264776	0.471602957589594	0.142246498113071
PEX19	0	502	case	0.614903565140055	0.923556061690306	0.583258581227704	0.894564090918275	0.944478114463053	0.0306556042449693
DPYSL4	0	502	case	0.144526906948512	0.54022279574486	0.91712935887688	0.617153494459035	0.320642855770221	0.456032435583132
CHEBI:63253	0	502	case	0.99755190243137	0.933229111773545	0.76297047694478	0.104519529950634	0.269733351684676	0.0253340451044256
PROCA1	0	502	case	0.517344133245693	0.971591882864217	0.772172105182967	0.00997765604969036	0.931869635780535	0.218588156293116
ZNF286A	0	502	case	0.226534462555839	0.644205403766746	0.879986192497539	0.322652370507717	0.0952592833431032	0.54892078628425
RPGRIP1L	0	502	case	0.811317420238023	0.99130692118419	0.281960434914488	0.539775820318468	0.018283884759971	0.0138575768250171
CMAS	0	502	case	0.319067820216784	0.955372102971021	0.745166604030062	0.739832227063707	0.685798403928687	0.485502731044505
TGFBR2	0	502	case	0.986051066726614	0.724247033520084	0.477134351507709	0.88899234515285	0.867667063085114	0.0347183504662847
CHEBI:18313	0	502	case	0.718180905209727	0.580891712363774	0.653444541099485	0.859807625912606	0.580509670362295	0.114439620520798
ME3	0	502	case	0.413183358569897	0.54025790742078	0.966575933053896	0.597060788610351	0.626104781171799	0.076625110649079
TUBA1A	0	502	case	0.637306290353483	0.782515778836242	0.791415146963651	0.433183080639157	0.0363697673560918	0.142011443549023
ADARB1	0	502	case	0.0738418767360661	0.926859573385509	0.365383979290258	0.28976075584224	0.44454492912699	0.530173198263413
CHEBI:16335	0	502	case	0.981596208916383	0.824628342666394	0.183336706183362	0.295421839485955	0.287294231129642	0.616902770299402
CP	0	502	case	0.0224136544401531	0.997136895348686	0.153662766530705	0.0475341941914539	0.18170519452472	0.234425866671782
