name	weight	ranking	higherIn	case1	case2	case3	control1	control2	control3
FBP1	0	502	control	0.0470777095488339	0.465820073116048	0.105320182975915	0.650748947230908	0.347630325692841	0.000808618205962341
TMEM19	0	502	control	0.213660585120799	0.560856738133542	0.268160913711683	0.817370524039485	0.717737067921327	0.90300644629573
NRTN	0	502	control	0.229602531968198	0.897646542373691	0.104252997601917	0.18986247780247	0.927064140870894	0.996384162337222
PARP10	0	502	control	0.437973177632798	0.475879024056308	0.320322632016148	0.638600594751137	0.246642124058313	0.587141467074297
PRRC2C	0	502	control	0.00583432457237087	0.6556110904965	0.259846667655122	0.325289204685754	0.780867850604077	0.55245363212413
NRDC	0	502	control	0.80107575696612	0.620425185783994	0.188267616829231	0.123235846277873	0.931949933886006	0.587244869016264
CHEBI:58225	0	502	control	0.826449539702682	0.0272502196608165	0.566870912760646	0.832243218102738	0.598100317141488	0.46190011497577
SHCBP1	0	502	control	0.329041195839248	0.203592380287419	0.792156839532589	0.556925545740794	0.322882505170559	0.972244273128648
PDK1	0	502	control	0.223461976125853	0.519916824790401	0.145443480124611	0.273930224222276	0.0983785303848749	0.745929372627335
FTSJ1	0	502	control	0.290462491547268	0.548009157335658	0.48523045694977	0.182716250813704	0.709240953533567	0.577547348622185
HERC2	0	502	control	0.203698875185622	0.456350723650029	0.0344926197846326	0.950545048096336	0.463062925909165	0.25351820745369
PIK3R1	0	502	control	0.248949470039808	0.0380015353959609	0.112451379350698	0.437276253172887	0.597940369107138	0.528573772748323
CHEBI:16094	0	502	control	0.105068771291171	0.240904799077728	0.567852659287788	0.380695949821835	0.106269376654518	0.550539716147499
CCNE2	0	502	control	0.821442194126392	0.259965278716868	0.426504251336355	0.748955615477151	0.998425291506397	0.986114473782701
HIST2H3D	0	502	control	0.841086330045423	0.758974161342075	0.07623944235383	0.156696797557896	0.86632740366717	0.689780984124998
UBXN11	0	502	control	0.354506244400439	0.993342763841508	0.290586653457929	0.0581238178949717	0.615205796593277	0.970136776630278
MAP4	0	502	control	0.572239218412685	0.75285784110301	0.63333346832172	0.817176415224338	0.322522635620462	0.898092237410388
CHEBI:41865	0	502	control	0.757884150620785	0.430595200320603	0.0935965460059537	0.605318590650978	0.570988144269953	0.630725743368396
PEG10	0	502	control	0.429302484999837	0.261176170571255	0.602772899485439	0.927983722291575	0.450492336647337	0.319572273729759
TADA3	0	502	control	0.956344657500659	0.0948076815835639	0.473817863220927	0.898424694301282	0.577843795117458	0.795694331193399
CHEBI:45441	0	502	control	0.588361684613539	0.652199598948144	0.0890842655064104	0.701395228244418	0.561880235062444	0.832418956424072
CHEBI:4047	0	502	control	0.085902694967251	0.308076908420212	0.590775746140886	0.967667748479233	0.912720162652781	0.0705081138567619
CHEBI:33995	0	502	control	0.521589676498055	0.884231316046448	0.101129318887619	0.994905517152424	0.444545883918906	0.170874830762596
TNNI2	0	502	control	0.0901660021689635	0.700579510055142	0.293294642967131	0.490578621847789	0.982062563214574	0.560307422031177
CUX1	0	502	control	0.904666479690125	0.241872295147587	0.0515882053839337	0.503453396492993	0.578267561462169	0.202090504074273
CHEBI:36528	0	502	control	0.43898966680559	0.29092573719343	0.768375751898677	0.388084482070887	0.810590442462569	0.729367419628283
MSH5	0	502	control	0.781722612917166	0.277438718955492	0.282985376214109	0.453259259537158	0.451274164510932	0.954996382288605
GPX6	0	502	control	0.148465022943408	0.00610780302659897	0.225360245794357	0.132853968150371	0.249969169410276	0.762368339977811
CYB5D1	0	502	control	0.619815927260871	0.374711141145558	0.331289642625589	0.758506328245576	0.955437531793689	0.0800681389349021
SKAP1	0	502	control	0.260623679394421	0.436932780731988	0.453251351408243	0.56523693408585	0.142650346985794	0.938246224630109
MAP2	0	502	control	0.445656211439575	0.304298468841678	0.7373846381813	0.648636599114185	0.512563384780399	0.974473843479017
KIAA1522	0	502	control	0.843999511474936	0.290860330609039	0.509885654703147	0.798058063124077	0.971925137586938	0.607110428021082
TLN2	0	502	control	0.196204918731252	0.242516308885001	0.382514191853397	0.220448242881705	0.648320621265659	0.957494958695934
DOK2	0	502	control	0.798485829521549	0.479419104358615	0.132031170054907	0.725869758147902	0.911313227169849	0.483280019453646
RER1	0	502	control	0.375471662697547	0.183675696266124	0.706191429589364	0.535851657583605	0.444565843866667	0.6576080119545
COX5B	0	502	control	0.631930797977457	0.169237962651665	0.0456583234773829	0.78522090790695	0.400029715619638	0.0156755449546512
CHEBI:86102	0	502	control	0.933591915842209	0.251413476155819	0.118155245153682	0.627506476971335	0.231367220579307	0.752385614736353
NOC4L	0	502	control	0.198736750098921	0.442739977763735	0.25638515979688	0.542582420314772	0.839034991901461	0.972061137678921
PCDHA2	0	502	control	0.39536627395521	0.311754952248308	0.989865435151316	0.808483508969732	0.507266724816296	0.994073886211684
TH	0	502	control	0.995381776517886	0.395870964014701	0.622699821538518	0.886597760157759	0.978224034127668	0.718018722684615
CHEBI:15534	0	502	control	0.65316328109469	0.885521227489635	0.0635378925573686	0.970288991112123	0.653018772578069	0.188894725512381
SFXN1	0	502	control	0.108436427855515	0.0212395486219491	0.373509533241305	0.942526312878199	0.4611321265498	0.43393780460202
ITGBL1	0	502	control	0.036114030795356	0.844080719207746	0.166251535436548	0.638128132512361	0.863758110483555	0.0455931354331871
B3GALT1	0	502	control	0.567144361897996	0.250342882536472	0.0522086332938522	0.07470811489881	0.82396294284602	0.781042208904641
UBE2A	0	502	control	0.662516098435082	0.202616096163795	0.373014324844645	0.724936308045872	0.244108071013869	0.433492302723436
SORBS2	0	502	control	0.54020403751352	0.304403578093467	0.394093180849151	0.566253126608988	0.993716131600963	0.106040338209226
CHEBI:46245	0	502	control	0.519716157920878	0.19002547679228	0.341677003639647	0.304880829506504	0.0578726248164741	0.942771304822948
RPRM	0	502	control	0.0590305556644841	0.0017993238791566	0.548670594067366	0.319373097536832	0.0440737918191335	0.674259328016191
CHEBI:17123	0	502	control	0.22970119787112	0.118307909837995	0.513520841267514	0.260996731933566	0.384163168822831	0.674824887935709
CHEBI:50116	0	502	control	0.113948641995189	0.0390229767276427	0.814426468563278	0.732475524156582	0.523126532390386	0.608096918089583
CHEBI:121724	0	502	control	0.310922713453606	0.598194525429778	0.0971832059869966	0.162949965018604	0.892148966891949	0.439425837023674
CENPK	0	502	control	0.228432322135737	0.604313505631328	0.463713560645511	0.921075222102221	0.405920640599473	0.961285202895325
CHEBI:11563	0	502	control	0.281820237560867	0.946020375394758	0.051941981368346	0.769551657662049	0.144841838461304	0.482809835482827
MT-ND4	0	502	control	0.444330358699235	0.113276452523982	0.842344701828773	0.7404255352805	0.37897165848807	0.292988963991134
HSF5	0	502	control	0.603296375815348	0.241936830626701	0.439024887659214	0.961194980110539	0.215599299506781	0.398265186954992
ATXN10	0	502	control	0.113930638678426	0.612727107549884	0.0282794508957929	0.786996488000829	0.799715570149051	0.952761708644887
CD37	0	502	control	0.848596675479549	0.798141714195157	0.79610623594284	0.943729958429594	0.896256192163473	0.836977407273554
ZDHHC21	0	502	control	0.466201833790636	0.781092265910387	0.115206746018031	0.981267907154657	0.536385807038486	0.423830588052359
FABP4	0	502	control	0.325653274948034	0.3510984324146	0.375091630987986	0.570194182308453	0.969965194019504	0.0756379701383665
TAF5L	0	502	control	0.0354234606827885	0.481656980372555	0.648287449225586	0.792409362348291	0.840013404018371	0.902872154222318
RBM47	0	502	control	0.108046036615559	0.18675954426984	0.897771225532002	0.345003385293862	0.778018368946308	0.174408494450077
DYNLRB1	0	502	control	0.459875628942314	0.247199856745663	0.497230128936991	0.328632592865502	0.426672385823044	0.719987951742843
CHEBI:31882	0	502	control	0.45088275367583	0.0541888413672694	0.771303428858631	0.927485532892117	0.279961881386735	0.232006661228245
EME2	0	502	control	0.551140335804419	0.608961456453878	0.0603622294239692	0.756072432453704	0.333508011813132	0.207137482800106
CDK9	0	502	control	0.700850072786061	0.511064089112722	0.651069368702479	0.606179876148598	0.794792410212092	0.976670544960923
TPH1	0	502	control	0.872235503921598	0.0277500884482718	0.133603910449774	0.766029364237188	0.0386907855675434	0.381849006378176
TSTD2	0	502	control	0.052192152428901	0.990385281566876	0.638545736824786	0.846152344274838	0.726669335495522	0.635288896447045
LIMS1	0	502	control	0.219681311405346	0.500939923753605	0.384943094967874	0.901981191878953	0.872684459300564	0.0465640390505186
SDF4	0	502	control	0.451874609042501	0.575134832806326	0.300018582740438	0.869408491537521	0.621953941544503	0.00306357415717695
AMPD3	0	502	control	0.0590953126800806	0.153518799776586	0.918926536712417	0.661209152001318	0.966755875499731	0.82407189316069
CHEBI:16320	0	502	control	0.740905302893588	0.356787196602359	0.456266813303239	0.783484840322146	0.609969956623824	0.871885571701645
NDUFS2	0	502	control	0.427193551101288	0.33786974030834	0.94528200918664	0.229585395135581	0.85756558681509	0.831578262729024
GAL3ST1	0	502	control	0.168690278712271	0.275196492845342	0.219118952550175	0.00691276397036733	0.603543185381736	0.437752605868436
KCNC3	0	502	control	0.751694590854687	0.00601097311711618	0.882402795931734	0.766639397234634	0.847840405091208	0.507087306378726
CHEBI:17460	0	502	control	0.0171725409107173	0.537842841324121	0.766027445694415	0.252540155757166	0.919073177464621	0.906805627355109
DDX39B	0	502	control	0.538746515157219	0.668085931674845	0.453021162091896	0.914742080029946	0.151105278860338	0.826810550607002
MT1X	0	502	control	0.650507635380061	0.178827792303708	0.0101626026279142	0.0069025477433895	0.815233276687081	0.954057682185195
RBBP4	0	502	control	0.726629532306514	0.550495354874599	0.599081167470487	0.746423200362149	0.909602531861235	0.893842059352079
BACH2	0	502	control	0.0944885639205785	0.959875078687972	0.601568348358472	0.799670794169673	0.777942461183173	0.841006255307916
TMEM126B	0	502	control	0.87757393430766	0.596021671986299	0.649417450961366	0.907798941071005	0.757123136425643	0.68328415745026
RAI2	0	502	control	0.0143621439459858	0.808570708752387	0.342720632582221	0.97457393538529	0.405197523540783	0.171796261442336
CHEBI:78163	0	502	control	0.0681804368270346	0.0346300613124667	0.0550578461561846	0.637022798742926	0.344914599267407	0.268646592413321
HMG20A	0	502	control	0.581093227578491	0.451123791403174	0.0983619505457304	0.953910376899607	0.704233239500645	0.980159345094034
HNRNPAB	0	502	control	0.637151222525225	0.0137945567780947	0.649782785472762	0.946926373226851	0.16086367902273	0.312692454258049
NCOA3	0	502	control	0.0559525294070209	0.248952278705433	0.125324791415593	0.437534793660125	0.546484124944015	0.901538065407817
TNFRSF10D	0	502	control	0.543279946249851	0.452998612301112	0.291976750986029	0.524764264394895	0.903263329325526	0.622385892134218
SOS1	0	502	control	0.702520272153464	0.380560169947678	0.133474990584297	0.944256970581438	0.604106286391469	0.688019576799395
GNB2	0	502	control	0.796179066498458	0.791879184896751	0.000231065199416736	0.266221437567159	0.737228801225072	0.698789902488688
SLC16A6	0	502	control	0.345307862215166	0.849198707548984	0.273834301544268	0.432905328118769	0.426246661556396	0.964579101664028
CHEBI:28711	0	502	control	0.0735956358081999	0.52329905821511	0.284293074456312	0.506860511242541	0.536960416719289	0.544414709761594
FGFR1OP	0	502	control	0.207031948073074	0.429915301709775	0.435315805784207	0.3243245550001	0.769071432974493	0.846149148541502
CHEBI:17180	0	502	control	0.295534196164876	0.375210054242112	0.62758180927003	0.793023515561676	0.175771545768642	0.86031088116752
TAF10	0	502	control	0.151845722314485	0.329903979134036	0.71926392682241	0.815556369684112	0.416331859021737	0.500898616536949
ULK3	0	502	control	0.847910522313782	0.342105172194619	0.0239128813596552	0.752112653709533	0.739791840981316	0.994759585555902
MAP3K8	0	502	control	0.829561804399167	0.120262770779979	0.0226279867559067	0.0979891648463104	0.764566781879008	0.158897811993886
MDC1	0	502	control	0.570682850481878	0.346648685550547	0.923956335725144	0.615725142289619	0.754481358949251	0.757120064889279
CHEBI:27931	0	502	control	0.28601827249938	0.574616563380975	0.366796468997375	0.766967602751279	0.672727005911346	0.966933032936248
CHEBI:9754	0	502	control	0.441589056151223	0.672450963697648	0.149608598632666	0.296561777532987	0.740225524137642	0.450223504237578
FAM171A1	0	502	control	0.446215611691222	0.901831370980072	0.350802091637144	0.556364975093691	0.991735477952075	0.287057077700738
HIST4H4	0	502	control	0.465662408365111	0.199157181618953	0.335966095668561	0.969074471088058	0.128181357237449	0.752386592401845
TIMMDC1	0	502	control	0.747196944130713	0.276995239103975	0.886391470888295	0.87572400256463	0.986848749985563	0.58063359968943
LHX2	0	502	control	0.131830665475512	0.412804401721059	0.656487934875432	0.208245204973289	0.804330531934784	0.360486200417661
CHEBI:29269	0	502	control	0.123500832319801	0.0147636628050427	0.983916976496475	0.757273162983819	0.859792285576099	0.718459525105082
GCK	0	502	control	0.190902853244491	0.702764803428255	0.979789871891285	0.546692028178502	0.566252527997595	0.995323733027603
TSPYL1	0	502	control	0.145732099496291	0.506747151486991	0.250153013597979	0.357388192967744	0.754112680957328	0.0837001049906664
IVNS1ABP	0	502	control	0.585043615268716	0.38126609842696	0.62457070354219	0.700997789695237	0.51951476638776	0.468205896953011
GTF2F2	0	502	control	0.722902973268465	0.234251242532243	0.849828294959274	0.597302079801353	0.503441463478443	0.912045444279009
ECH1	0	502	control	0.654882898449669	0.393434593593473	0.00279042132911189	0.909951610123007	0.335197399918532	0.55263100106469
DCP2	0	502	control	0.890123477961687	0.0535751708614938	0.152952789981843	0.636006152111755	0.630904756752298	0.685149037652955
USP6NL	0	502	control	0.538525574469021	0.375051578272469	0.534160824643418	0.525561251235387	0.891977815013119	0.299654783124567
TAS2R7	0	502	control	0.0364255155254801	0.912218897036659	0.310596453716413	0.73195012915998	0.695744793197217	0.656757415222109
RHNO1	0	502	control	0.326244573060312	0.319205781809233	0.00355544745321035	0.164291390918458	0.799831433153626	0.698357060238472
OARD1	0	502	control	0.120912384580628	0.0699731489528251	0.244085770261907	0.541268467485969	0.934172712819677	0.596054366496088
PI15	0	502	control	0.135478205681502	0.158209784906886	0.823970887228072	0.869605555315031	0.511206371142388	0.830728820703439
CABLES2	0	502	control	0.332117891828341	0.286445866401004	0.852190649398636	0.787540530159212	0.740317886475583	0.122685008120538
HACD2	0	502	control	0.499648777847273	0.141149823637791	0.97069897317612	0.180468109688552	0.84558475858476	0.937607516890418
RABEP1	0	502	control	0.615288242215057	0.512086650483433	0.841244015022289	0.930598962817579	0.538154421989849	0.655208209015462
PFDN1	0	502	control	0.583132968088648	0.721326927294165	0.0785482063545127	0.0451518760404848	0.910136134062759	0.752910869021947
COIL	0	502	control	0.527882687738647	0.749848020738123	0.405828714806259	0.671593534312873	0.927719459132508	0.414709137697206
PCCB	0	502	control	0.0320728464199854	0.407319603105505	0.466312220637624	0.904813230017362	0.587700360395952	0.725489055407353
HECTD1	0	502	control	0.246069567106098	0.842387903898747	0.574533590173997	0.567732878272974	0.266097501342967	0.839972273220783
MEIS2	0	502	control	0.0477872923850662	0.793877600102571	0.166012377080293	0.716037342838811	0.893007371636192	0.394758736326736
MLLT1	0	502	control	0.0539776591702386	0.469105203551762	0.325997669971674	0.552928708571216	0.453497507245686	0.961595301654415
SLC2A7	0	502	control	0.0206180341199909	0.309524979334574	0.296436106009726	0.142281739817257	0.578421005504199	0.00817830248062723
LCP1	0	502	control	0.598628526633235	0.986852223389968	0.0674768030510901	0.396569245211042	0.994016875066189	0.487772273911447
CHEBI:16997	0	502	control	0.114030034515656	0.769933875855542	0.0689778462108583	0.576741695694105	0.983892883553004	0.618136762922027
AEN	0	502	control	0.0702135239869583	0.595336418647749	0.811088417621082	0.932196092808549	0.726158176374528	0.65422663236224
PDLIM1	0	502	control	0.0923984579238296	0.0680276941294123	0.987454806749042	0.608885538697176	0.718379028435567	0.165558181078708
HEATR1	0	502	control	0.237868792007306	0.968545940212993	0.150086578018891	0.719665612178919	0.778017556357603	0.511105903601362
ARIH1	0	502	control	0.104822212658895	0.546977086455275	0.53045904923442	0.459022394078519	0.221580140407825	0.766260738181077
BZW2	0	502	control	0.516270565774129	0.782968192518063	0.00234875567974879	0.816712735890955	0.01889538192665	0.495417913107209
PHF8	0	502	control	0.117565484621756	0.57677586024099	0.245130755184197	0.790172935024334	0.378395181508715	0.909101313751816
NCAN	0	502	control	0.12386050714682	0.4730306408997	0.41888446265122	0.4242855812171	0.674289716276666	0.207029203928117
RHOA	0	502	control	0.46741002677446	0.828801698488441	0.381289008027337	0.905531348068602	0.551075659074815	0.558915662241761
S1PR4	0	502	control	0.754536639716295	0.278211040263144	0.283847869017151	0.539999263770361	0.965444766947439	0.0402453742649577
BARD1	0	502	control	0.558118051358972	0.0728308048124289	0.0481811440107028	0.937091367960309	0.931475149923169	0.163658499050043
CDK5	0	502	control	0.427792595548456	0.751223605872008	0.219165982554382	0.660955064915145	0.378026726540899	0.438123344172232
CHEBI:16450	0	502	control	0.2671940572742	0.831188620534169	0.23917601408698	0.394657441563815	0.617670191946775	0.325667604046026
SCO2	0	502	control	0.898376325005631	0.327024293370015	0.702310918358637	0.847912159970545	0.830560709643071	0.81031963599662
RIN1	0	502	control	0.728444033957786	0.804069262570712	0.00763555477239597	0.945056074939906	0.957698738551541	0.399558974701933
MRPL15	0	502	control	0.267747536440096	0.708671064187825	0.103672124495835	0.291448355951266	0.705763049479018	0.265933837214148
CHEBI:60119	0	502	control	0.250084620589589	0.234926443836988	0.535564894512648	0.461664106934666	0.596761435885847	0.460448203298888
FANCA	0	502	control	0.927672720239348	0.398895557719012	0.164870242477034	0.346977441011452	0.586296073113408	0.623160939909453
ACP5	0	502	control	0.0685823485554556	0.268124426906609	0.883438702353724	0.318165716539783	0.968494148140419	0.801853430705716
GSG1L	0	502	control	0.501701052364218	0.687652548069517	0.710427307863708	0.802662600545296	0.671564766879643	0.688554782752196
APOBEC3C	0	502	control	0.600838938434792	0.363228621093965	0.873193957609839	0.74635192034512	0.389518808304106	0.998593388275938
PLEKHF2	0	502	control	0.112462378383286	0.407619444945905	0.0545396739097971	0.173954964110564	0.799976566417261	0.661043898011053
TMED9	0	502	control	0.498227929455356	0.91053578239871	0.630183351426678	0.841890255550603	0.640005910590266	0.90256966246009
ERCC3	0	502	control	0.277611122264388	0.206431022073808	0.983036222076956	0.510082854851545	0.885117154387046	0.217347988702561
ILVBL	0	502	control	0.197278942097314	0.579593462953119	0.17910412094158	0.87096144790796	0.0640022573461611	0.617800086454913
VAV2	0	502	control	0.297354293368622	0.0609502223844922	0.96295877536838	0.83666494027777	0.626954163968362	0.665877218675335
CHEBI:16695	0	502	control	0.396418535561727	0.440876468930202	0.534013751451731	0.859301689176415	0.411333966195378	0.267680191381798
CDC20B	0	502	control	0.420755683348492	0.0842580013374562	0.479614252288398	0.523377472974036	0.63858968599787	0.42386718305213
UVRAG	0	502	control	0.311475357650453	0.563237615425729	0.793666083025936	0.47736279426484	0.856556962747254	0.79932379675241
CHEBI:16284	0	502	control	0.693843170932226	0.53931058029157	0.0927137188642948	0.889883132710091	0.76357503291757	0.932312830215984
KDM4D	0	502	control	0.402088619037046	0.233090272198938	0.00387353551348724	0.509456125157452	0.781537245089357	0.306303387408322
SMPD2	0	502	control	0.295180804029962	0.587361742486469	0.511529092199426	0.620797947105788	0.935583203546324	0.439371832428688
NME6	0	502	control	0.306496779026379	0.45897386682236	0.678463634320796	0.733567439827716	0.739152167184324	0.306860040681821
GANC	0	502	control	0.282727516244758	0.353879166108453	0.320512844148039	0.13898888969974	0.693512615600087	0.166547468691594
TXNL4A	0	502	control	0.1552216209395	0.347186297893882	0.601579798458235	0.769507446909155	0.773318950848084	0.493947393301626
CHEBI:15538	0	502	control	0.000658667586112327	0.253718102314479	0.913152742372502	0.969765180908154	0.747217085683957	0.0865835108558467
DDX60	0	502	control	0.870902191503684	0.158406077778295	0.0990890086376651	0.32639346768068	0.773066476433341	0.160479198406076
CHEBI:17369	0	502	control	0.0422534253324928	0.361297056727092	0.511028924158354	0.137161036188198	0.572815526042185	0.717723587756788
FAM118B	0	502	control	0.904721981466327	0.741629092882824	0.11012834018281	0.384753630015334	0.953850335084432	0.674894462408198
LMX1B	0	502	control	0.800468374899062	0.00622578741150148	0.147416988338171	0.541606384905119	0.752219422620808	0.00824804511109911
DLD	0	502	control	0.137303658445877	0.901495619292659	0.39905123310678	0.15932672340166	0.627410342635826	0.788307138672737
CHEBI:58592	0	502	control	0.173572161534717	0.297795182472319	0.0610511462357189	0.709803116359699	0.549384662580998	0.805831138132599
METTL15	0	502	control	0.575183612467853	0.125014381285728	0.219471144449904	0.464864466073703	0.96950932318167	0.659454985328742
COPS4	0	502	control	0.489915162413395	0.083820882096006	0.0124099459694967	0.513956104801505	0.16296410308384	0.646564430916446
CA9	0	502	control	0.411421827387765	0.236129166372143	0.011427528814081	0.207844759450221	0.272724663967449	0.801732062713705
STARD9	0	502	control	0.0347767400997466	0.317805387932171	0.64244926558009	0.78458887459606	0.230133589900284	0.196570990132495
CHEBI:37451	0	502	control	0.346501990563077	0.749251259354427	0.193747340053374	0.42204075873948	0.998594597293282	0.272205438124067
LRRC40	0	502	control	0.0833159448238722	0.841851734724089	0.0908705781480208	0.721156309917713	0.51352085473234	0.00866849408275416
ADAMTS1	0	502	control	0.51110637094286	0.166889706987028	0.368441665384023	0.0731383111712196	0.38784630473503	0.928280818433486
EXOSC3	0	502	control	0.366833407852287	0.903097609289584	0.00779291063747434	0.594861918268641	0.249852757945931	0.52021949503067
CHEBI:78396	0	502	control	0.739479504887487	0.105124127822219	0.602701319215812	0.861977364476974	0.364752426466412	0.464125608109992
CHEBI:16692	0	502	control	0.804520877458731	0.729371937837905	0.308117688829788	0.65257739045701	0.926300759649667	0.336812107309553
BRD2	0	502	control	0.189471481685439	0.133431767732035	0.839349277568775	0.607439950952842	0.609187004749775	0.988287882218548
GHRL	0	502	control	0.820996478991022	0.50878723121457	0.514238061322073	0.799562340196158	0.587728764344903	0.746860937890996
OTP	0	502	control	0.637897620011436	0.530490290818691	0.4467741275926	0.796169117931073	0.77746242251411	0.669958827683787
PAEP	0	502	control	0.0161198018822152	0.85971704358549	0.341211145567738	0.954086903392649	0.657183183790527	0.795591999661478
ATF7	0	502	control	0.544521938346247	0.531242869458582	0.626464501073332	0.599817138290485	0.962433769377391	0.717255749860709
HTR5A	0	502	control	0.760436217840179	0.0666769445993232	0.123017016857453	0.0312004529517733	0.797085057474744	0.833703358649899
EIF2AK4	0	502	control	0.382868448331762	0.281660343494637	0.328535803427897	0.943594399351999	0.0148948755305561	0.953265676702766
RPL36A	0	502	control	0.0846491886172254	0.480900336365515	0.26818637266786	0.947922138757693	0.094149754391039	0.722548045183909
TRAM2	0	502	control	0.331989332624431	0.208258388796748	0.180516896172902	0.810832551157257	0.305566322109223	0.85309249591138
CHMP1A	0	502	control	0.371723308016557	0.326176172376762	0.0556884902568199	0.672717280988528	0.162207408733534	0.564184666841829
MBNL2	0	502	control	0.17651862896156	0.133394613360925	0.286518454768013	0.405695690981349	0.766770029537118	0.441602502251028
PTBP3	0	502	control	0.129519861034667	0.102407789887338	0.0773900470329255	0.438823921792014	0.6812559351515	0.701680740801675
ZNF483	0	502	control	0.686720018480803	0.152538081095451	0.395698472582128	0.95326416812625	0.919268407378886	0.947965234456929
CHEBI:15439	0	502	control	0.733772904933592	0.155552588056628	0.169215265314684	0.354697982136033	0.9889434196639	0.996168960152439
CHEBI:57502	0	502	control	0.437172437244658	0.089569402926861	0.43045231333246	0.339020861851316	0.932601115420277	0.779483271476543
FBXO25	0	502	control	0.379838916907628	0.454424561403129	0.41621813688281	0.895860046717408	0.461523347376351	0.989401408957501
MSI2	0	502	control	0.314061928673465	0.708588152395748	0.346001202788865	0.663340613593339	0.284804954762948	0.87397950733707
CHEBI:29182	0	502	control	0.24702417926404	0.505775562297944	0.886700762839575	0.918950568308254	0.602258176526865	0.617175241638266
NOL8	0	502	control	0.310679015912649	0.305053115317479	0.210030796707028	0.660071908400953	0.656462946712791	0.274817223251346
CHEBI:58326	0	502	control	0.408868908042171	0.789811183801969	0.130876547760118	0.690104919281635	0.309934086607524	0.33637834442203
NIPAL2	0	502	control	0.708010894064053	0.236386963587832	0.520515887325233	0.853723609811573	0.331643807037803	0.835723542423446
CHEBI:34306	0	502	control	0.0831558967534599	0.619386801215951	0.215761252172513	0.80610418744917	0.286563954039492	0.865584371478723
CHEBI:27721	0	502	control	0.461737838368131	0.615329400167534	0.0787394832466347	0.824767236231277	0.354826221665979	0.435374060410848
ABCG8	0	502	control	0.557292680689929	0.828981892712714	0.333492129876999	0.625844781330649	0.865829381113203	0.441342460352586
DIS3L	0	502	control	0.558565491802886	0.399066658162043	0.203815677165533	0.472332265248782	0.955275201170228	0.30011461607604
GABRA2	0	502	control	0.255962141002191	0.492934318642196	0.632993568362347	0.172756294298157	0.631146447463298	0.744464561687132
GEMIN6	0	502	control	0.431218447278074	0.539996086873947	0.680818922727965	0.775625723147884	0.376714427294387	0.851985238947533
CHEBI:16452	0	502	control	0.402329867986601	0.0959450018211512	0.152834142252458	0.55469172162718	0.034096895707185	0.657263655856109
PDE6C	0	502	control	0.181840078665688	0.0601654164594785	0.405720793714528	0.73064728664199	0.782249707503029	0.752951472185895
CHEBI:15355	0	502	control	0.584201224536599	0.771478304726038	0.693898958369993	0.900847104626894	0.817476329698851	0.60511845372825
ZNF428	0	502	control	0.221694546768398	0.895118154553158	0.4906709662866	0.794076816385522	0.676117732631756	0.195150090626943
CHEBI:4672	0	502	control	0.0704496323284114	0.424253270424153	0.896829007264381	0.12831095970352	0.363164094081499	0.980589355553048
CHEBI:58069	0	502	control	0.13665152189858	0.0832697475812942	0.110088847733172	0.942679255988563	0.0869606489015061	0.610371013940751
KLHL21	0	502	control	0.199834124667075	0.0523052207703927	0.767636165697467	0.872530820881277	0.454664027740148	0.517957929512896
TFPT	0	502	control	0.0568131809736324	0.103712840186889	0.0268386289622559	0.587488093829029	0.288085152626356	0.309190490494506
CHEBI:18116	0	502	control	0.585746995234228	0.377511518762747	0.500419192257721	0.962558310905168	0.376611564759353	0.946247503422748
PARD6G	0	502	control	0.174155244434031	0.262860807508653	0.827014907580009	0.849847674190795	0.146493033365658	0.410561866618572
CCDC18	0	502	control	0.534291049941029	0.622924050374514	0.0458850066372709	0.634025539141077	0.460742876227146	0.31006899727994
FUCA1	0	502	control	0.758194529715416	0.217792035525866	0.329409691116965	0.540817926388617	0.537535656063027	0.450239204612996
PREPL	0	502	control	0.0687981711037167	0.861008253299634	0.0130041242672279	0.517098497408891	0.460380826593087	0.262331778031573
COX5A	0	502	control	0.18352819552784	0.283939011564831	0.718067856677326	0.886122876372267	0.0140338143822113	0.882541234582713
TCEAL8	0	502	control	0.567684997801487	0.586177665240051	0.127122506592021	0.229022946792988	0.88776686793174	0.401038960967571
MTHFD2	0	502	control	0.815435155938747	0.608808359591158	0.0707552442693478	0.747817091128099	0.624682173299944	0.781681778277845
IGSF8	0	502	control	0.00135782878603108	0.479913680376225	0.378792075061979	0.413619453185279	0.206947941462873	0.327399541722703
HLA-C	0	502	control	0.0874688163187515	0.2580963839959	0.152921178784748	0.390028141360061	0.565849610384352	0.441682612344088
CHEBI:22614	0	502	control	0.0227986706409334	0.227341483977128	0.316374816239219	0.825320716477175	0.0711652600846836	0.675390380934978
CACNA1C	0	502	control	0.341064968909229	0.169241814542259	0.498673989242012	0.821790139319044	0.0495202961955035	0.199640280886106
ARPC5L	0	502	control	0.541353933307704	0.25844630775063	0.73860851672542	0.565679763291859	0.680883747990123	0.530161538610553
E2F3	0	502	control	0.926169082583073	0.197910057556161	0.0127556688922719	0.0543816168663496	0.781755812401584	0.62735684723012
CHEBI:17284	0	502	control	0.384313617882614	0.203796851047344	0.192580086806526	0.144128799607613	0.627762577051544	0.727346733111401
NUP98	0	502	control	0.627904177790549	0.0936245282198501	0.0607051042239655	0.401506428648898	0.81110564384679	0.0786346748632595
HMBS	0	502	control	0.473617942098884	0.215176526117364	0.299965854261437	0.707282006505421	0.974829375111397	0.300402481923997
SGMS2	0	502	control	0.0834975617893309	0.339687805074701	0.104209253757311	0.0143854005690653	0.340101160883444	0.176114251657706
GNAI1	0	502	control	0.279828920000213	0.197862340505416	0.792575487554153	0.0746404415832269	0.616239065867128	0.860918796611026
USP48	0	502	control	0.877634138414522	0.394607218303451	0.253352341821251	0.92662060248374	0.521525804911955	0.270940465812086
HIST1H3F	0	502	control	0.469100520229019	0.584464840318106	0.070954585011654	0.0948933557867648	0.825291532919773	0.895947779622096
CHEBI:10735	0	502	control	0.746184939974845	0.714642867087912	0.0246814701289989	0.545998864026788	0.947639307901116	0.964168180246058
CHEBI:29176	0	502	control	0.487430654415445	0.285591705194893	0.856110833478116	0.630552939496556	0.553678828448656	0.501524068149432
NR1H2	0	502	control	0.0855522324090572	0.142765830129545	0.048784504036128	0.316477786767082	0.160421044946278	0.831849880664806
NODAL	0	502	control	0.861595759984367	0.383339931019849	0.289150493176199	0.673994922037838	0.185001205373067	0.791945012552107
ACTL8	0	502	control	0.93800200691963	0.0558483212688232	0.595128292529225	0.516332982266915	0.864628453057318	0.93802155723225
CHRM4	0	502	control	0.1396892785475	0.138216342567174	0.5364246089182	0.70702824985761	0.766645688295246	0.597248394550004
EPHB6	0	502	control	0.393900144851003	0.86306497872538	0.330873140619941	0.81361098330337	0.564353535554258	0.987951967656024
ETNK1	0	502	control	0.482230405436799	0.750245292973041	0.462606735967318	0.6663048930945	0.905048281577648	0.640152095210696
SLC43A3	0	502	control	0.0140930751890233	0.980997114259686	0.367823667799665	0.861071629859334	0.498388955348408	0.868950900520154
UGT2B10	0	502	control	0.622880344434795	0.233515805625746	0.679570619604256	0.761779254255429	0.529226950242885	0.600118369540063
PPM1G	0	502	control	0.231095363111135	0.096226761208291	0.567779031870686	0.875837576645011	0.909700719119941	0.999669379464957
DNM1	0	502	control	0.527433962776634	0.3845821992189	0.651776846130543	0.871235497380345	0.578598446989567	0.129176300403452
PLG	0	502	control	0.607415791144935	0.570255868872406	0.398458234911806	0.850223982229123	0.661394630545105	0.476879373687157
CHEBI:18372	0	502	control	0.433434840033058	0.492855181015119	0.0665876229516056	0.770206989138259	0.219767619845275	0.228123465100651
UPF2	0	502	control	0.244172893507025	0.400882866391995	0.411028487183606	0.875015350637667	0.602589738655931	0.181072044279788
CHEBI:89825	0	502	control	0.0101774555217771	0.260998008345242	0.780721030890361	0.646792215945972	0.197509715511001	0.325784840279706
RPL37A	0	502	control	0.0954465235496006	0.671151036378406	0.756580803862821	0.879751030938417	0.645580255723501	0.23055656089269
PPIF	0	502	control	0.0355905633801477	0.299174856434414	0.843270317045169	0.373637675523219	0.43731821030233	0.68676246918501
SETD9	0	502	control	0.246941365057497	0.001463175172423	0.978660928731569	0.168086658651728	0.737482414756424	0.572598535076368
TRMT11	0	502	control	0.00891505625333699	0.883788809402268	0.111359442553858	0.519724683593696	0.303279447163244	0.993762320965993
SLC2A3	0	502	control	0.140499436548767	0.301205586513473	0.492060650839531	0.713913685799429	0.83550753064121	0.558720660200442
CHEBI:15361	0	502	control	0.0953767860905247	0.460648193206215	0.0369662213086762	0.263687109426303	0.661339306433348	0.259876495471737
CHEBI:17614	0	502	control	0.35256010124864	0.28764751104173	0.974381323033703	0.916003507324704	0.895719918011541	0.832475026591379
PIP4K2C	0	502	control	0.585181638478593	0.582181335168515	0.14796483038576	0.0931750600170528	0.997898477049783	0.879842193769806
RMDN1	0	502	control	0.667681764184503	0.153068697443093	0.147894557371599	0.627697202078366	0.83435338138818	0.279632764390449
PSMD6	0	502	control	0.648027115055705	0.0730943061694905	0.704824099106688	0.192028022891077	0.791343687458312	0.84947600134364
CHEBI:78176	0	502	control	0.433369067338592	0.580564776830846	0.380993522402518	0.776964690064336	0.656612708164405	0.806716015291715
HRH3	0	502	control	0.139758759099258	0.287014752397109	0.0764114441659032	0.864500505417078	0.543673019266521	0.189125152331529
BEGAIN	0	502	control	0.751929507975084	0.361920084401165	0.410840343032633	0.333581611828889	0.386681329635985	0.978558955309026
ZMYM4	0	502	control	0.241786793587219	0.724824693820157	0.142990554089145	0.135413999328541	0.822232087530085	0.2537276599274
GPR146	0	502	control	0.0843704710451489	0.961745605325867	0.00471947787680982	0.252379511039797	0.987674556243708	0.497952947745918
WDR13	0	502	control	0.0314599355591159	0.206037376830358	0.67853246105249	0.0690098523576854	0.85292088665501	0.100983542995495
IRS4	0	502	control	0.54588620889083	0.602537261209494	0.0268603841526058	0.487183502440431	0.205316778886351	0.728327979461209
UBE2S	0	502	control	0.789620465123038	0.036759737425849	0.623922644020696	0.410644612260082	0.677499332357288	0.773890998889309
A4GNT	0	502	control	0.049564765578211	0.645072328435394	0.0350225850889124	0.0562895369863406	0.681843864737366	0.824396709548242
SF3B1	0	502	control	0.283198633840946	0.278969940402046	0.405474972293269	0.443509247434072	0.650759237451362	0.173061082408738
MACROD1	0	502	control	0.653456823979965	0.517860909872254	0.249668755283506	0.537812527177546	0.237341728511186	0.863643463462434
TRIM25	0	502	control	0.489655345328471	0.245666638599838	0.480896841642134	0.134060600345818	0.477403479181025	0.926054760985941
GPT	0	502	control	0.256109781061838	0.209915076762285	0.155198666268626	0.0613777678138677	0.775817420377806	0.828363667546585
PER3	0	502	control	0.0983373017446377	0.966801604367428	0.338074859029462	0.973823826601782	0.0874588502239265	0.589231590840864
CHEBI:29806	0	502	control	0.0276290081611751	0.165345766530944	0.0523663190627388	0.243683930209342	0.230878404239435	0.895502012450452
MYL5	0	502	control	0.120199512647135	0.251329283428934	0.289772416367565	0.857014692659853	0.5936470432608	0.560141090539235
PCK1	0	502	control	0.177794091822279	0.0401563845552436	0.376560426992884	0.89979833327036	0.0438175218533404	0.000695103972078281
POLR2L	0	502	control	0.034833820567729	0.633455035012366	0.43251156721242	0.679517492334616	0.840339421490275	0.43065286957651
KIF1BP	0	502	control	0.757838710385933	0.986098096222032	0.0845632009931329	0.704121891203037	0.625029679129942	0.875233039277568
ZNF415	0	502	control	0.342870514996848	0.75708394155577	0.506787379534883	0.364272297195358	0.904691235804131	0.33990679000736
SEMA3B	0	502	control	0.216471396182541	0.158913526072725	0.836005824603354	0.444624971046257	0.897153533637285	0.727819490287377
CHEBI:18009	0	502	control	0.278838904787457	0.116287532246184	0.435165232964158	0.920584670910461	0.618855356023971	0.139659015042569
MED17	0	502	control	0.42100578136828	0.635186379463005	0.600481203671839	0.914142330394849	0.375497531631136	0.817546704707282
MAFB	0	502	control	0.0240273250067485	0.908439456239631	0.107758578775102	0.993037174325257	0.810526689988458	0.66551521926226
CRY2	0	502	control	0.491145804011365	0.0350160215102984	0.899981434728875	0.0964336228904868	0.72324819510584	0.935813288497315
ANXA10	0	502	control	0.278267020151879	0.0397496941127982	0.550464991190469	0.313147493421857	0.674674046120504	0.42648111768064
GMPR2	0	502	control	0.339757164151065	0.988567891226263	0.427356686821267	0.785375111038118	0.913981417236972	0.605160035122139
CHEBI:17173	0	502	control	0.287349609515076	0.686181598460337	0.152380830362768	0.602400257965727	0.82096089736944	0.969584427590807
CCDC86	0	502	control	0.170903235249478	0.376689192738032	0.247546002513464	0.465908353449366	0.548724636499035	0.364650952267355
CHEBI:16978	0	502	control	0.203676437129015	0.048874796779512	0.354651134298573	0.295008954572581	0.514758291470818	0.885715838134897
CHEBI:53487	0	502	control	0.433295265575696	0.458890825812503	0.734092093476126	0.109839680140689	0.935012245967505	0.90708206682137
HSD17B2	0	502	control	0.175239442394595	0.58229480895525	0.406432206360085	0.83208796140696	0.973413085109433	0.492884587443052
NR1D2	0	502	control	0.19320231176039	0.339089801284837	0.604178745602068	0.971592754167428	0.372526390066493	0.207139650632745
HOMER3	0	502	control	0.269010607873387	0.39919340390056	0.127466836015375	0.706077628393318	0.783247900846885	0.170208936858787
CCL13	0	502	control	0.944783991754306	0.226045437313252	0.310469355507002	0.616295123827849	0.959152205838633	0.961439610517837
TSHB	0	502	control	0.714471635748948	0.361006696151087	0.57857446388477	0.669364170554407	0.930232869221638	0.783657434008827
MKL2	0	502	control	0.0596416235853658	0.723595912269745	0.358306919554313	0.531691536998367	0.593670477334659	0.820575982939573
EHD4	0	502	control	0.268712345242794	0.382995824300504	0.259989116322472	0.522221302087482	0.0971750120720246	0.437390204257175
AZU1	0	502	control	0.475354299957795	0.880456926829212	0.562527153389906	0.413416552284401	0.757631721044845	0.996031119442512
CEL	0	502	control	0.416934754931422	0.0812527753704966	0.0923965953476921	0.983921784285924	0.599459320988681	0.0335164097792511
MAP3K13	0	502	control	0.213270389075209	0.128265055730776	0.942937880219704	0.39654288589012	0.713714360951096	0.479596154427735
KATNAL2	0	502	control	0.382937989134143	0.252911159241006	0.0965942366019155	0.791320582163363	0.724502413091687	0.888842341112199
PCDHA11	0	502	control	0.333372686843787	0.121353654736966	0.0113411405597612	0.901802906347484	0.843615848232873	0.170392500862118
SCHIP1	0	502	control	0.846303637783572	0.382040915068017	0.385145350705933	0.886961614706448	0.706963278762882	0.0818409262479641
STIM2	0	502	control	0.408063494401911	0.791539262851844	0.64930204945739	0.657431673442441	0.791173907397134	0.852908745231369
SBDS	0	502	control	0.826306720846432	0.680236385926769	0.575685981383182	0.473948624996901	0.913675141954088	0.958110618863192
H2AFB2	0	502	control	0.523947649263609	0.642889807506085	0.278204003887099	0.950924881573767	0.287909274145398	0.534722618542974
CHEBI:16313	0	502	control	0.925436889631448	0.214081451540123	0.839836422799811	0.882626123493787	0.266864860260348	0.905980449711056
DMXL1	0	502	control	0.739021861521925	0.617270805784742	0.426834956239074	0.437438546090718	0.890178179046525	0.476648620409696
CDCA5	0	502	control	0.567430056171921	0.67519114584572	0.631622378349663	0.834956800914038	0.366101189573211	0.889671251769614
STXBP5L	0	502	control	0.824499419818922	0.346309504003818	0.27018546361456	0.367639299837922	0.946327569769858	0.128724832540048
CHEBI:59092	0	502	control	0.959609278997884	0.364401368261552	0.400800736172277	0.794839466004007	0.65083531459943	0.740640204617028
CHEBI:58228	0	502	control	0.646346065444023	0.171481076831545	0.554254592413654	0.0993087162421777	0.982214568873265	0.391020205236447
FSCN1	0	502	control	0.476574680880329	0.492666912300111	0.090384122028611	0.00147392291052195	0.828742594901994	0.601848346624112
ADCY4	0	502	control	0.0148538557678735	0.775061199974026	0.0326154493029029	0.0484545523824337	0.590778536105395	0.387670982908419
INADL	0	502	control	0.471567876529848	0.844833449014199	0.0372622794740213	0.789846368465099	0.564458151981422	0.689570563501308
TNIK	0	502	control	0.253749206918446	0.546312979252437	0.625020001836008	0.96694910442555	0.623439835644007	0.613983836213877
HPS5	0	502	control	0.132614726848363	0.636576573431727	0.567597286185841	0.208804360594363	0.953858319757518	0.900597744618627
ECT2	0	502	control	0.833348647034423	0.169839250866394	0.88058146103171	0.998163526074098	0.496963455325755	0.810129509832692
FOXI2	0	502	control	0.203715434293916	0.178699029167114	0.235121635040512	0.131865336731198	0.762404727340236	0.702409051954609
PLCB1	0	502	control	0.544417699248773	0.243504367623195	0.244864622347078	0.954676584902944	0.179877258121768	0.878504857620729
BUB1B	0	502	control	0.121000086169667	0.199134375117022	0.304524481208468	0.186238205758118	0.914424854263935	0.661080239559753
TUBB4B	0	502	control	0.0769790849348919	0.858297392360323	0.39079533840462	0.65922705422111	0.225746256720798	0.957315411567651
CHEBI:16199	0	502	control	0.835027465734663	0.961663080193266	0.157113287977468	0.985179800828888	0.871344882700827	0.155455797421629
NAT8	0	502	control	0.502746263849999	0.176661204694203	0.0858689331204349	0.706734886141076	0.905282667459542	0.0297521187908203
FRYL	0	502	control	0.125439959999655	0.513679060375601	0.53117957278844	0.94741137440689	0.471062246494722	0.866706271697933
SMARCA4	0	502	control	0.132285325427939	0.548471915929806	0.888566522140567	0.382277348843862	0.910464018771302	0.894414243427353
ZNHIT1	0	502	control	0.870475365141086	0.165277442620174	0.263666008189626	0.692908554948395	0.327979774810905	0.49719038432326
PDXDC1	0	502	control	0.602950181301887	0.493893038532447	0.23478552530433	0.602071312401121	0.691103543176427	0.209287003220931
ING5	0	502	control	0.864802580056935	0.198807159832174	0.495540029725937	0.591834205678923	0.512346849920018	0.69971610349797
CHEBI:16650	0	502	control	0.0581094582239756	0.623168912334087	0.152366366412905	0.376179807647948	0.33181367758602	0.460747231191468
TUBB3	0	502	control	0.457753885102086	0.0263153936543578	0.230768155809496	0.850649199595792	0.336112447449826	0.170593046636282
CHEBI:58469	0	502	control	0.722209644099518	0.318790961250692	0.657953957084698	0.225735190784356	0.953345604983632	0.794371448631307
CDC45	0	502	control	0.33899915159608	0.53299953441055	0.562948381240076	0.796958284325984	0.750505410107031	0.888499638996542
CHEBI:18047	0	502	control	0.401219856926313	0.326773737487972	0.291828737648848	0.996881006288545	0.333924229403516	0.142514517556934
SLC25A24	0	502	control	0.526979752194827	0.60219044061065	0.622304984715124	0.281310820370757	0.632832748728656	0.939671596272712
CHEBI:28862	0	502	control	0.778360658313311	0.134920636585675	0.280731034080199	0.664642067152854	0.576499797766923	0.438805016030051
F2RL3	0	502	control	0.278784528621045	0.640558837291562	0.362205713414129	0.498269902274275	0.615848229131544	0.234515506923353
SLC27A1	0	502	control	0.864672546383037	0.675330331309865	0.135487151301981	0.953181675899852	0.838270697505464	0.694164365209663
TRIM8	0	502	control	0.708908978901821	0.329975281417833	0.129013043122745	0.624530132995142	0.827956080955766	0.951887882170099
AMZ2	0	502	control	0.0652398048396921	0.22218792998221	0.51500461293742	0.0746799268927503	0.615694400284643	0.649372159529437
PIN1	0	502	control	0.00433507260879828	0.0637386974643527	0.976793357833632	0.234739808545134	0.669963217389328	0.230147442427046
MATR3	0	502	control	0.828095603149386	0.425483118086481	0.12546035664003	0.345897380916814	0.347396597850599	0.804889673779446
ZFYVE19	0	502	control	0.507435377303176	0.404338152089687	0.752243051246404	0.848490359055661	0.669495603356068	0.502785045522651
POLG	0	502	control	0.22663971764437	0.111922643905894	0.781430326910244	0.157864376280118	0.680427967038852	0.709033583511777
SLC39A5	0	502	control	0.534831709596897	0.424310773237634	0.190882666758224	0.508659269642265	0.393773066700295	0.555263985885739
RAX2	0	502	control	0.0849707455669264	0.219900778839496	0.325285488719696	0.635454324849744	0.724520306856971	0.589102379922289
CHRM5	0	502	control	0.068339468134002	0.354081077910303	0.13470202862637	0.843940575853591	0.819305359946909	0.674242070575373
CHEBI:57795	0	502	control	0.409816499150502	0.266241879188127	0.450517462084021	0.782269211946215	0.926471637376764	0.588013412658126
PDIA2	0	502	control	0.123381382309381	0.291498033965174	0.572274930178577	0.264566354354165	0.514119991814143	0.533702257256621
LARP6	0	502	control	0.120178119552528	0.243640193394703	0.925704392028016	0.326678616614663	0.410392575176234	0.764897800510776
NFIL3	0	502	control	0.0765928348764171	0.118975382673679	0.334904579377686	0.0685066859472768	0.588625421185045	0.453946488913241
CHN1	0	502	control	0.571357212390758	0.60725738588404	0.0281335680082572	0.843480345277107	0.384047546003501	0.354070510682812
GDA	0	502	control	0.141336028336665	0.395804328828332	0.917423748447434	0.464093622980913	0.803237639785716	0.685202743605319
SIRT7	0	502	control	0.0681344572325885	0.0849047507770724	0.256691670901158	0.0305547757004935	0.350272034640837	0.319493640474063
PAXBP1	0	502	control	0.307986028182987	0.248798897538397	0.920042790118182	0.557864961322982	0.951096662625773	0.660821562164636
AOC2	0	502	control	0.671163971711563	0.226653137461408	0.300063440036683	0.638782129306526	0.132983376216182	0.58706822058993
BBS4	0	502	control	0.531048838345102	0.754152585217827	0.767398734960137	0.709900447291196	0.706081441736291	0.836950030872697
NCOA2	0	502	control	0.487999358505228	0.630572791703042	0.44788964358771	0.608064919326455	0.651696841769168	0.337496725855252
C7orf26	0	502	control	0.389281682796525	0.60045561253082	0.53144924135958	0.854725146948443	0.62561362265368	0.14156748123215
MED20	0	502	control	0.240423553971239	0.570836633882231	0.0140960041826924	0.399618961028858	0.797923826673112	0.930628822268718
CHEBI:80611	0	502	control	0.684908494629146	0.335419921247063	0.470371335231002	0.325417485398251	0.986210699083828	0.63644376192001
XIAP	0	502	control	0.584102849858033	0.678778341671463	0.294772970267685	0.630224055538105	0.581012918730146	0.363179771180166
PARVB	0	502	control	0.402951577571241	0.212759010103203	0.9503684015149	0.664442080806904	0.601375338264139	0.541884227343648
TCHP	0	502	control	0.510040337757567	0.0816233750456651	0.694286247565555	0.992096336616896	0.25251840447237	0.222141917491138
S1PR1	0	502	control	0.495644219085048	0.274479407885599	0.206806527020916	0.944361262162069	0.654341659587006	0.905487329016586
CHEBI:17688	0	502	control	0.179369095283976	0.161020904584738	0.189153933851989	0.257696302203106	0.379123730790155	0.288928404611631
BAG3	0	502	control	0.109361209717788	0.432376826943672	0.153639830892556	0.427047957707649	0.768907412838519	0.124354043910244
CHEBI:17665	0	502	control	0.876351003922501	0.375332280929957	0.00908489849181371	0.899521394889066	0.649272738826965	0.38751186915977
DCLRE1B	0	502	control	0.999792564444752	0.480372228085867	0.596451741972037	0.218225616992869	0.922183822379736	0.978609763754846
CHEBI:2719	0	502	control	0.0368775222838726	0.777146440140074	0.918923432010552	0.43398137803461	0.8134391296668	0.592342563565038
MED16	0	502	control	0.544682442007247	0.383943862389807	0.733574443373122	0.784822423174501	0.787635595388448	0.571356443653253
CHEBI:57604	0	502	control	0.987538736827997	0.517254402550923	0.116760751041515	0.916212078117228	0.657703905050132	0.733012505524816
DNAJA3	0	502	control	0.337844565256492	0.0826929319308535	0.337143314113377	0.893452421083844	0.763906381329514	0.8300114375863
C17orf53	0	502	control	0.720723427847251	0.465403416570693	0.584324980436338	0.653085541752716	0.841915497973284	0.971035485409373
CA2	0	502	control	0.0136555666633351	0.0219298228079787	0.468952104955939	0.0402780766775586	0.746948593323088	0.422483055378165
POLR1E	0	502	control	0.374060192775824	0.808280550035548	0.0872650344600689	0.504715963554567	0.944523465722156	0.0539048468490123
TRIM21	0	502	control	0.922685220392168	0.179209500791232	0.828717426160072	0.894453465413225	0.919714225946387	0.787036774387481
TANGO2	0	502	control	0.473886869752125	0.181603467162106	0.267325055095755	0.292051877858027	0.509767188085986	0.508819384742858
NEK6	0	502	control	0.308971081219392	0.213763519227956	0.183774202665835	0.200948357365792	0.522451914333082	0.309190867175215
PFKM	0	502	control	0.950837558840908	0.298104859773207	0.299940922944898	0.380306063271272	0.61739194496612	0.747135972885189
MMP17	0	502	control	0.513563103542578	0.501150094646019	0.236489187115421	0.268385974964346	0.730992025590584	0.883354376608119
SORL1	0	502	control	0.455843702065251	0.0578529030879383	0.705379279645915	0.804567309882283	0.49278652681837	0.796014568867704
CHEBI:16708	0	502	control	0.426040880892099	0.436751928242895	0.180548253665843	0.10397125852275	0.229924038235982	0.804783828780175
PRDM16	0	502	control	0.193249480429275	0.565067159777179	0.296171823286006	0.648590264415262	0.551638107123105	0.402505130841642
GCLC	0	502	control	0.832754245970334	0.823816567226359	0.462781888284344	0.474654623354786	0.743685672036025	0.965191642894027
CHEBI:37296	0	502	control	0.82908073749933	0.00212202483321056	0.00100887850701248	0.599106918365426	0.128972372590063	0.636372354340482
ELAVL1	0	502	control	0.213284894015896	0.75130416218815	0.514951805346954	0.579859263775277	0.449965831563606	0.538409743181206
FAM189A2	0	502	control	0.58782062632273	0.138864837140935	0.522068881119071	0.84219815234061	0.240282116532755	0.741670446331037
LCE1D	0	502	control	0.142763225348141	0.349319542642626	0.102918579221459	0.556896988122294	0.263263485549617	0.739720607113103
ARFGEF2	0	502	control	0.0522235278251505	0.151340560497478	0.996880488188375	0.839882989981967	0.891582571758429	0.44479460682372
XBP1	0	502	control	0.683307915305935	0.496720678257924	0.358968819374506	0.204952273668009	0.586139828756669	0.850409858251714
PKP2	0	502	control	0.608559478411928	0.80865225291219	0.625242598780211	0.621254886812813	0.938674617699067	0.494534859776397
NEK9	0	502	control	0.219655934781161	0.632868793441147	0.393366521225294	0.174020887296907	0.61807987726774	0.948157534812833
CCDC59	0	502	control	0.406279942301345	0.688401497692848	0.00766244550040407	0.289539818779723	0.250719039558465	0.797788189494096
ABHD16B	0	502	control	0.127579062038263	0.859845708085369	0.246778920321399	0.9520913717603	0.442645614818116	0.127723467094002
EFCAB14	0	502	control	0.169198331655614	0.626955379414573	0.0453952746616395	0.749009335045582	0.691506135803519	0.534120398947354
MLST8	0	502	control	0.000999418116753414	0.180591372909388	0.84172974476101	0.756727389482938	0.759439458112306	0.0566966899581766
OAZ3	0	502	control	0.418162471197123	0.573306546332578	0.048249917605632	0.542089075444797	0.399421186724809	0.468574998383849
HELZ2	0	502	control	0.488485678876445	0.163566156384053	0.316320497497147	0.282062872879027	0.567413399000053	0.982687802974098
MAN2B1	0	502	control	0.666838577223759	0.0773427851333207	0.972400059712246	0.286318217824419	0.94352861041327	0.870900718064827
CCKBR	0	502	control	0.0179203690512555	0.338534650141676	0.586464080739028	0.963134410230015	0.512806644659089	0.496210565449876
CHEBI:15713	0	502	control	0.0309145386684058	0.530778140974806	0.664615020149917	0.434041294551689	0.689420829610687	0.756261475709856
CHEBI:17138	0	502	control	0.493881843753437	0.227310331642288	0.938779800520264	0.142211972469126	0.707872749897411	0.950353490513984
TMEM91	0	502	control	0.24287616629311	0.14863255320485	0.398440118410103	0.793560626787436	0.778967448467013	0.186054610125211
SGPL1	0	502	control	0.628973104075631	0.229306251465772	0.13287394477806	0.540375734165828	0.878731309131335	0.0440662224101041
VASN	0	502	control	0.00223819856083329	0.182228015272702	0.439203747941782	0.817863312231253	0.392949270164128	0.279558831325007
HTR1A	0	502	control	0.379723939726934	0.16635250773645	0.547642742273276	0.708416645332428	0.242635507549908	0.170469620820808
CHEBI:17862	0	502	control	0.680351665064685	0.202747397742598	0.39827199452513	0.145945980419716	0.904771010998606	0.902417928326231
SLC30A6	0	502	control	0.631954710702334	0.0159083388094849	0.522350346054575	0.246701081135556	0.853055727233087	0.100158516082145
VPS13D	0	502	control	0.571413071603897	0.0256922853702279	0.0886789345424768	0.235056835045954	0.633021630675909	0.468432429034969
CHEBI:15611	0	502	control	0.849682018905517	0.297595676758473	0.447559022780024	0.951606626170317	0.920033538805044	0.683078528747416
DDX58	0	502	control	0.0839862957561888	0.660719557448035	0.0922294963888484	0.757311083635501	0.625985120212825	0.191281449822153
DHRS9	0	502	control	0.0844231038780854	0.107935253017744	0.970455087271826	0.61718255947227	0.646078397864106	0.419826916666033
TEFM	0	502	control	0.531253963741857	0.178899228022263	0.597006665267872	0.355519453713233	0.433691632243578	0.737479419477784
LLGL1	0	502	control	0.738823241921064	0.04946852253195	0.0702951614777546	0.068488286374946	0.236150966651974	0.955726012542669
CHCHD7	0	502	control	0.141662980302459	0.0712848819635339	0.300041215108974	0.867161871778362	0.97178279590953	0.307906461330165
RSAD2	0	502	control	0.587403400124094	0.00439261258217538	0.132010874408976	0.2816958807944	0.0198219171909205	0.633546405117132
CLPTM1	0	502	control	0.145805695219521	0.542607464059079	0.158179630334593	0.613877842567314	0.570472591978458	0.565251059045207
HCN1	0	502	control	0.16293957144067	0.845350562277612	0.0864816970794666	0.959986227572448	0.190658434187946	0.462200272029309
CHEBI:84644	0	502	control	0.783101883684631	0.117489380198907	0.651401064738548	0.868968871664997	0.627936197397814	0.115936884070751
UTP20	0	502	control	0.466219284982742	0.168831763959386	0.284510688567093	0.0213981169649879	0.292043134550917	0.946523443660567
HTR2A	0	502	control	0.248770662888077	0.169484428844022	0.938169403753504	0.736009366155118	0.721280345216873	0.310935159548769
EIF2AK2	0	502	control	0.885220040994411	0.382569460225602	0.00735569277648584	0.718280463661178	0.429676950914959	0.357573339280257
UBR3	0	502	control	0.794589424165852	0.271452923967019	0.106421106692614	0.449426591726197	0.0797228712324417	0.648829071056901
ADAMTS9	0	502	control	0.925809807166877	0.867883142835154	0.106794413254953	0.659616768761805	0.572144113781267	0.845977228606973
CHEBI:5445	0	502	control	0.178839950775878	0.74150245721089	0.3671090438542	0.753208345950567	0.831772314298265	0.101353212019747
CHEBI:63984	0	502	control	0.517541148236465	0.447872730127646	0.239607700586711	0.804739013812769	0.347367804853563	0.58830183432178
SNAP23	0	502	control	0.663968253838808	0.174117873471634	0.387064314143913	0.567350498584087	0.590942358853515	0.454599829876523
FAM83C	0	502	control	0.389192822992613	0.244596283964325	0.421038370433554	0.0761166268515728	0.376993696231509	0.966702005063991
TNFRSF10B	0	502	control	0.0535978153165582	0.0802809517729943	0.826101948913986	0.988430867357282	0.0398697134798933	0.838161131726778
MYH3	0	502	control	0.527024952677366	0.360467620079557	0.182192247374924	0.251095440428348	0.564816498716393	0.395136016606464
CHEBI:17821	0	502	control	0.380142990241005	0.214609706276641	0.610350262112943	0.300656948802795	0.872281243332778	0.0848827780712836
PTN	0	502	control	0.24409591557169	0.654688314176377	0.111617712753208	0.527901300708439	0.338257942897051	0.871681976441323
CHEBI:15978	0	502	control	0.884422659093575	0.0261464480617988	0.0958237324700979	0.25602233376832	0.974030463434996	0.20690707709101
MPHOSPH10	0	502	control	0.378148438082143	0.922563045272989	0.812232610355035	0.947512642788601	0.988620997542051	0.18795219943332
SERTAD3	0	502	control	0.248919610995933	0.492313130975707	0.81457817403632	0.919280969984633	0.157717674744754	0.667836576742059
HIST1H2BD	0	502	control	0.620278122151001	0.832707574402226	0.0706876763586191	0.523551091500771	0.755891184137008	0.641466662312382
PRKAG3	0	502	control	0.383913512660615	0.522314781683827	0.0404916156591709	0.855835900703399	0.25944456659852	0.124877044414676
PCDH11X	0	502	control	0.260205602313722	0.397357100825043	0.424522762856597	0.724406283688824	0.345794513857056	0.67402717520716
CHEBI:73024	0	502	control	0.461121079779699	0.604478457779412	0.208905741989429	0.370475519779316	0.132222804167349	0.828819691141441
HK2	0	502	control	0.0909616879242212	0.944908646327276	0.116332096224402	0.862272004954744	0.388062654293169	0.178100354657261
DDX47	0	502	control	0.564268825273198	0.49044221513849	0.646220067892793	0.684762628110137	0.840621010357475	0.949240627233084
ZNF362	0	502	control	0.187382889148607	0.437946559772269	0.108411089785024	0.634197879289704	0.213266302910019	0.199622848941959
ACTN1	0	502	control	0.314783504755494	0.442904067510999	0.606355720132135	0.876145347529076	0.375258555862433	0.300626578445116
SLC38A10	0	502	control	0.726741468842694	0.0530000525100436	0.816695272780671	0.42042870124015	0.984862842316508	0.274470822730138
INPP1	0	502	control	0.801172362362499	0.719801554892191	0.214237510073561	0.899534076872039	0.220450353873685	0.832304454369848
PCDHA4	0	502	control	0.0915581428748301	0.811020215616459	0.194441094252232	0.365236483082946	0.802415693517919	0.750089983488543
MRPL20	0	502	control	0.31607120088596	0.0127555628361417	0.260548081851841	0.0873355239070054	0.591480867588899	0.808695512737925
NOMO1	0	502	control	0.0774874815154217	0.377159253042995	0.0848224596308363	0.539010349313424	0.226747759363656	0.0471459553099438
MAP4K4	0	502	control	0.850614066003707	0.167811688977599	0.298132851184017	0.428449936007297	0.683843687213689	0.666181478102293
CYR61	0	502	control	0.370485792654012	0.10166243492783	0.470518192745995	0.558875876956837	0.748918543809053	0.802996379286108
PRPF40A	0	502	control	0.622391433081251	0.0392677458897454	0.269467553234544	0.225850688199737	0.998143207374415	0.358438905820941
PLIN5	0	502	control	0.990511215150315	0.360928020047589	0.0212996241096677	0.0591533040753343	0.696387052982075	0.710914900034793
GLUL	0	502	control	0.398005186420214	0.0679473020936823	0.798170184137338	0.779476506848221	0.245872172228089	0.869693032693991
LY96	0	502	control	0.69656868951164	0.207911996415632	0.324165238549624	0.335478586307353	0.934657551550311	0.738835655794053
SPDYC	0	502	control	0.0646407594535227	0.0396038467757357	0.669044416639185	0.61956861250297	0.479784218135594	0.103230132429703
EPM2AIP1	0	502	control	0.747661582378364	0.469359313223853	0.29629386335108	0.992885717464124	0.882527743636948	0.971433214284749
ARF6	0	502	control	0.420400431232813	0.150096722662633	0.92995204367677	0.648005694952403	0.779297316773493	0.738712607549068
LRPAP1	0	502	control	0.379605285770611	0.427062347759695	0.168879971344252	0.23225475305078	0.770761745335744	0.67912166606694
KIF6	0	502	control	0.0986302372429138	0.705441191564081	0.313027488227721	0.654752143480193	0.111147193228052	0.607824678326836
CYP17A1	0	502	control	0.73455912516641	0.00502888330112106	0.0764394578120781	0.915013993756726	0.213694223133563	0.233465851995181
DSE	0	502	control	0.120508166401978	0.00829565739263971	0.585099389225412	0.631882300545926	0.326580903156127	0.930301338228933
NTN1	0	502	control	0.496799421779149	0.76733586802788	0.0769189422460057	0.622028790367341	0.496451989255175	0.689891917613728
RAD54L2	0	502	control	0.0538315489695107	0.227653072058219	0.826875990170966	0.994609895249091	0.933791871777743	0.206843859923497
