genotype	BIH	BRG	CHE	CZE	DNK	ESP	FIN	FRA	GBR	HRV	HUN	IRN	ITL	PAK	POL	PRT	ROU	SVK	SVN	SWE	TJK	UZB	Latitude	Longitude	Altitude	S3_22736556	S7_13715351	Eigenvalue	Country	Region
Aa3506_1	0	0	0	0	0	0	0	0	0	0	0	1	0	0	0	0	0	0	0	0	0	0	35.75705	50.8992	1312	0	0	558.9254657	IRN	SA
Aa3506_2	0	0	0	0	0	0	0	0	0	0	0	1	0	0	0	0	0	0	0	0	0	0	35.75705	50.8992	1312	0	0	403.2189621	IRN	SA
Aa3506_3	0	0	0	0	0	0	0	0	0	0	0	1	0	0	0	0	0	0	0	0	0	0	35.75705	50.8992	1312	0	0	280.218971	IRN	SA
Aa3506_4	0	0	0	0	0	0	0	0	0	0	0	1	0	0	0	0	0	0	0	0	0	0	35.75705	50.8992	1312	0	0	142.7172862	IRN	SA
Aa3506_5	0	0	0	0	0	0	0	0	0	0	0	1	0	0	0	0	0	0	0	0	0	0	35.75705	50.8992	1312	1	0	114.0334472	IRN	SA
Aa3506_7	0	0	0	0	0	0	0	0	0	0	0	1	0	0	0	0	0	0	0	0	0	0	35.75705	50.8992	1312	0	1	91.92845937	IRN	SA
Aa3506_8	0	0	0	0	0	0	0	0	0	0	0	1	0	0	0	0	0	0	0	0	0	0	35.75705	50.8992	1312	0	0	85.89783775	IRN	SA
Aa3507_1	0	0	0	0	0	0	0	0	0	0	0	1	0	0	0	0	0	0	0	0	0	0	35.21851	48.7168	1850	0	0	78.9244179	IRN	SA
Aa3507_2	0	0	0	0	0	0	0	0	0	0	0	1	0	0	0	0	0	0	0	0	0	0	35.21851	48.7168	1850	0	0	77.16780944	IRN	SA
Aa3507_3	0	0	0	0	0	0	0	0	0	0	0	1	0	0	0	0	0	0	0	0	0	0	35.21851	48.7168	1850	0	0	70.96718849	IRN	SA
Aa3507_4	0	0	0	0	0	0	0	0	0	0	0	1	0	0	0	0	0	0	0	0	0	0	35.21851	48.7168	1850	0	0	68.54947195	IRN	SA
Aa3507_5	0	0	0	0	0	0	0	0	0	0	0	1	0	0	0	0	0	0	0	0	0	0	35.21851	48.7168	1850	0	0	67.18424347	IRN	SA
Aa3507_6	0	0	0	0	0	0	0	0	0	0	0	1	0	0	0	0	0	0	0	0	0	0	35.21851	48.7168	1850	0	0	59.4874644	IRN	SA
Aa3507_7	0	0	0	0	0	0	0	0	0	0	0	1	0	0	0	0	0	0	0	0	0	0	35.21851	48.7168	1850	0	0	56.41129498	IRN	SA
Aa3507_8	0	0	0	0	0	0	0	0	0	0	0	1	0	0	0	0	0	0	0	0	0	0	35.21851	48.7168	1850	0	0	54.38857917	IRN	SA
Aa4000_1	0	0	0	0	0	0	0	0	1	0	0	0	0	0	0	0	0	0	0	0	0	0	54.65	-2.15	280	2	0	52.20465668	GBR	SA
Aa4000_2	0	0	0	0	0	0	0	0	1	0	0	0	0	0	0	0	0	0	0	0	0	0	54.65	-2.15	280	2	0	50.26370268	GBR	NE
Aa4000_3	0	0	0	0	0	0	0	0	1	0	0	0	0	0	0	0	0	0	0	0	0	0	54.65	-2.15	280	2	0	49.86284613	GBR	NE
Aa4000_4	0	0	0	0	0	0	0	0	1	0	0	0	0	0	0	0	0	0	0	0	0	0	54.65	-2.15	280	2	1	47.17815581	GBR	NE
Aa4000_5	0	0	0	0	0	0	0	0	1	0	0	0	0	0	0	0	0	0	0	0	0	0	54.65	-2.15	280	2	0	45.9431539	GBR	NE
Aa4000_6	0	0	0	0	0	0	0	0	1	0	0	0	0	0	0	0	0	0	0	0	0	0	54.65	-2.15	280	2	2	45.23200305	GBR	NE
Aa4000_7	0	0	0	0	0	0	0	0	1	0	0	0	0	0	0	0	0	0	0	0	0	0	54.65	-2.15	280	2	1	43.96458873	GBR	NE
Aa4000_8	0	0	0	0	0	0	0	0	1	0	0	0	0	0	0	0	0	0	0	0	0	0	54.65	-2.15	280	2	0	42.40270526	GBR	NE
Aa4013_1	0	0	0	0	1	0	0	0	0	0	0	0	0	0	0	0	0	0	0	0	0	0	55.78313	11.28951	41	0	0	40.09682316	DNK	NE
Aa4013_2	0	0	0	0	1	0	0	0	0	0	0	0	0	0	0	0	0	0	0	0	0	0	55.78313	11.28951	41	0	0	39.74523845	DNK	NE
Aa4013_3	0	0	0	0	1	0	0	0	0	0	0	0	0	0	0	0	0	0	0	0	0	0	55.78313	11.28951	41	0	0	38.84462139	DNK	NE
Aa4013_4	0	0	0	0	1	0	0	0	0	0	0	0	0	0	0	0	0	0	0	0	0	0	55.78313	11.28951	41	0	0	37.04436027	DNK	NE
Aa4013_5	0	0	0	0	1	0	0	0	0	0	0	0	0	0	0	0	0	0	0	0	0	0	55.78313	11.28951	41	0	0	36.24250937	DNK	NE
Aa4013_6	0	0	0	0	1	0	0	0	0	0	0	0	0	0	0	0	0	0	0	0	0	0	55.78313	11.28951	41	0	0	35.68257703	DNK	NE
Aa4013_7	0	0	0	0	1	0	0	0	0	0	0	0	0	0	0	0	0	0	0	0	0	0	55.78313	11.28951	41	0	0	34.9004932	DNK	NE
Aa4013_8	0	0	0	0	1	0	0	0	0	0	0	0	0	0	0	0	0	0	0	0	0	0	55.78313	11.28951	41	0	1	34.50387337	DNK	NE
Aa4031_1	0	0	0	0	0	0	0	0	0	0	0	0	0	0	0	0	1	0	0	0	0	0	46.86422	23.53713	475	1	0	32.82533901	ROU	EE
Aa4031_2	0	0	0	0	0	0	0	0	0	0	0	0	0	0	0	0	1	0	0	0	0	0	46.86422	23.53713	475	2	1	32.50263778	ROU	EE
Aa4031_3	0	0	0	0	0	0	0	0	0	0	0	0	0	0	0	0	1	0	0	0	0	0	46.86422	23.53713	475	2	1	32.25593932	ROU	EE
Aa4031_4	0	0	0	0	0	0	0	0	0	0	0	0	0	0	0	0	1	0	0	0	0	0	46.86422	23.53713	475	0	0	31.64218467	ROU	EE
Aa4031_5	0	0	0	0	0	0	0	0	0	0	0	0	0	0	0	0	1	0	0	0	0	0	46.86422	23.53713	475	0	0	31.0231187	ROU	EE
Aa4031_6	0	0	0	0	0	0	0	0	0	0	0	0	0	0	0	0	1	0	0	0	0	0	46.86422	23.53713	475	2	0	30.70106378	ROU	EE
Aa4031_7	0	0	0	0	0	0	0	0	0	0	0	0	0	0	0	0	1	0	0	0	0	0	46.86422	23.53713	475	0	0	30.54437424	ROU	EE
Aa4031_8	0	0	0	0	0	0	0	0	0	0	0	0	0	0	0	0	1	0	0	0	0	0	46.86422	23.53713	475	0	0	30.29378765	ROU	EE
Aa4038_1	0	0	0	0	0	0	1	0	0	0	0	0	0	0	0	0	0	0	0	0	0	0	60.173	24.94362	7	0	1	29.79750813	FIN	NE
Aa4038_2	0	0	0	0	0	0	1	0	0	0	0	0	0	0	0	0	0	0	0	0	0	0	60.173	24.94362	7	0	0	29.24307503	FIN	NE
Aa4038_3	0	0	0	0	0	0	1	0	0	0	0	0	0	0	0	0	0	0	0	0	0	0	60.173	24.94362	7	0	0	29.01826575	FIN	NE
Aa4038_4	0	0	0	0	0	0	1	0	0	0	0	0	0	0	0	0	0	0	0	0	0	0	60.173	24.94362	7	0	0	28.77532295	FIN	NE
Aa4038_5	0	0	0	0	0	0	1	0	0	0	0	0	0	0	0	0	0	0	0	0	0	0	60.173	24.94362	7	0	1	28.59143544	FIN	NE
Aa4038_6	0	0	0	0	0	0	1	0	0	0	0	0	0	0	0	0	0	0	0	0	0	0	60.173	24.94362	7	0	0	28.19191063	FIN	NE
Aa4038_7	0	0	0	0	0	0	1	0	0	0	0	0	0	0	0	0	0	0	0	0	0	0	60.173	24.94362	7	0	1	28.16539418	FIN	NE
Aa4038_8	0	0	0	0	0	0	1	0	0	0	0	0	0	0	0	0	0	0	0	0	0	0	60.173	24.94362	7	0	1	27.85723825	FIN	NE
Aa4042_1	0	0	0	0	0	0	0	0	0	0	1	0	0	0	0	0	0	0	0	0	0	0	47.77792	19.22438	500	0	1	27.24229778	HUN	EE
Aa4042_2	0	0	0	0	0	0	0	0	0	0	1	0	0	0	0	0	0	0	0	0	0	0	47.77792	19.22438	500	0	0	27.05715408	HUN	EE
Aa4042_3	0	0	0	0	0	0	0	0	0	0	1	0	0	0	0	0	0	0	0	0	0	0	47.77792	19.22438	500	0	0	26.53347099	HUN	EE
Aa4042_4	0	0	0	0	0	0	0	0	0	0	1	0	0	0	0	0	0	0	0	0	0	0	47.77792	19.22438	500	0	0	26.46335316	HUN	EE
Aa4042_5	0	0	0	0	0	0	0	0	0	0	1	0	0	0	0	0	0	0	0	0	0	0	47.77792	19.22438	500	0	0	26.42244336	HUN	EE
Aa4042_6	0	0	0	0	0	0	0	0	0	0	1	0	0	0	0	0	0	0	0	0	0	0	47.77792	19.22438	500	0	0	25.97855781	HUN	EE
Aa4042_7	0	0	0	0	0	0	0	0	0	0	1	0	0	0	0	0	0	0	0	0	0	0	47.77792	19.22438	500	0	0	25.93880135	HUN	EE
Aa4042_8	0	0	0	0	0	0	0	0	0	0	1	0	0	0	0	0	0	0	0	0	0	0	47.77792	19.22438	500	0	1	25.64480113	HUN	EE
Aa4177_1	0	0	0	0	0	0	0	0	0	0	0	0	0	0	0	0	0	0	0	0	0	1	41.7667	70.1333	1110	0	0	25.42056442	UZB	CA
Aa4177_2	0	0	0	0	0	0	0	0	0	0	0	0	0	0	0	0	0	0	0	0	0	1	41.7667	70.1333	1110	0	0	25.33978292	UZB	CA
Aa4177_4	0	0	0	0	0	0	0	0	0	0	0	0	0	0	0	0	0	0	0	0	0	1	41.7667	70.1333	1110	0	0	25.06103767	UZB	CA
Aa4177_5	0	0	0	0	0	0	0	0	0	0	0	0	0	0	0	0	0	0	0	0	0	1	41.7667	70.1333	1110	0	0	24.83070117	UZB	CA
Aa4177_6	0	0	0	0	0	0	0	0	0	0	0	0	0	0	0	0	0	0	0	0	0	1	41.7667	70.1333	1110	0	0	24.78903468	UZB	CA
Aa4177_7	0	0	0	0	0	0	0	0	0	0	0	0	0	0	0	0	0	0	0	0	0	1	41.7667	70.1333	1110	0	1	24.59938682	UZB	CA
Aa4177_8	0	0	0	0	0	0	0	0	0	0	0	0	0	0	0	0	0	0	0	0	0	1	41.7667	70.1333	1110	0	0	24.32196096	UZB	CA
Aa4178_1	0	0	0	0	0	0	0	0	0	0	0	0	0	0	0	0	0	0	0	0	0	1	41.52	70.18	1170	0	0	24.10510144	UZB	CA
Aa4178_2	0	0	0	0	0	0	0	0	0	0	0	0	0	0	0	0	0	0	0	0	0	1	41.52	70.18	1170	1	0	23.96327388	UZB	CA
Aa4178_3	0	0	0	0	0	0	0	0	0	0	0	0	0	0	0	0	0	0	0	0	0	1	41.52	70.18	1170	0	0	23.86860545	UZB	CA
Aa4178_4	0	0	0	0	0	0	0	0	0	0	0	0	0	0	0	0	0	0	0	0	0	1	41.52	70.18	1170	0	0	23.52714196	UZB	CA
Aa4178_5	0	0	0	0	0	0	0	0	0	0	0	0	0	0	0	0	0	0	0	0	0	1	41.52	70.18	1170	0	0	23.40356549	UZB	CA
Aa4178_6	0	0	0	0	0	0	0	0	0	0	0	0	0	0	0	0	0	0	0	0	0	1	41.52	70.18	1170	0	0	23.38765835	UZB	CA
Aa4178_7	0	0	0	0	0	0	0	0	0	0	0	0	0	0	0	0	0	0	0	0	0	1	41.52	70.18	1170	0	0	23.20918506	UZB	CA
Aa4178_8	0	0	0	0	0	0	0	0	0	0	0	0	0	0	0	0	0	0	0	0	0	1	41.52	70.18	1170	0	0	23.00748082	UZB	CA
Aa4184_1	0	0	0	0	0	0	0	0	0	0	0	0	0	0	1	0	0	0	0	0	0	0	49.2333	22.3333	675	0	1	22.70945886	POL	EE
Aa4184_2	0	0	0	0	0	0	0	0	0	0	0	0	0	0	1	0	0	0	0	0	0	0	49.2333	22.3333	675	0	1	22.67411067	POL	EE
Aa4184_3	0	0	0	0	0	0	0	0	0	0	0	0	0	0	1	0	0	0	0	0	0	0	49.2333	22.3333	675	0	0	22.45694916	POL	EE
Aa4184_4	0	0	0	0	0	0	0	0	0	0	0	0	0	0	1	0	0	0	0	0	0	0	49.2333	22.3333	675	0	1	22.33264636	POL	EE
Aa4184_5	0	0	0	0	0	0	0	0	0	0	0	0	0	0	1	0	0	0	0	0	0	0	49.2333	22.3333	675	0	0	22.15561451	POL	EE
Aa4184_6	0	0	0	0	0	0	0	0	0	0	0	0	0	0	1	0	0	0	0	0	0	0	49.2333	22.3333	675	0	0	22.10568456	POL	EE
Aa4184_7	0	0	0	0	0	0	0	0	0	0	0	0	0	0	1	0	0	0	0	0	0	0	49.2333	22.3333	675	0	2	21.88437759	POL	EE
Aa4184_8	0	0	0	0	0	0	0	0	0	0	0	0	0	0	1	0	0	0	0	0	0	0	49.2333	22.3333	675	0	2	21.64817639	POL	EE
Aa4190_1	0	0	0	0	0	0	0	0	0	0	0	0	0	0	1	0	0	0	0	0	0	0	50.85	20.65	300	1	1	21.59974458	POL	EE
Aa4190_2	0	0	0	0	0	0	0	0	0	0	0	0	0	0	1	0	0	0	0	0	0	0	50.85	20.65	300	2	0	21.50160937	POL	EE
Aa4190_3	0	0	0	0	0	0	0	0	0	0	0	0	0	0	1	0	0	0	0	0	0	0	50.85	20.65	300	1	0	21.42601852	POL	EE
Aa4190_4	0	0	0	0	0	0	0	0	0	0	0	0	0	0	1	0	0	0	0	0	0	0	50.85	20.65	300	0	0	21.34677228	POL	EE
Aa4190_5	0	0	0	0	0	0	0	0	0	0	0	0	0	0	1	0	0	0	0	0	0	0	50.85	20.65	300	0	0	21.24443664	POL	EE
Aa4190_6	0	0	0	0	0	0	0	0	0	0	0	0	0	0	1	0	0	0	0	0	0	0	50.85	20.65	300	1	1	21.07901168	POL	EE
Aa4190_7	0	0	0	0	0	0	0	0	0	0	0	0	0	0	1	0	0	0	0	0	0	0	50.85	20.65	300	1	0	21.01139301	POL	EE
Aa4190_8	0	0	0	0	0	0	0	0	0	0	0	0	0	0	1	0	0	0	0	0	0	0	50.85	20.65	300	2	0	20.94777197	POL	EE
Aa4203_1	0	0	0	0	0	0	0	0	0	0	0	0	0	0	0	0	0	0	0	1	0	0	55.67269	13.08194	7	0	1	20.92535286	SWE	NE
Aa4203_2	0	0	0	0	0	0	0	0	0	0	0	0	0	0	0	0	0	0	0	1	0	0	55.67269	13.08194	7	0	0	20.74300846	SWE	NE
Aa4203_3	0	0	0	0	0	0	0	0	0	0	0	0	0	0	0	0	0	0	0	1	0	0	55.67269	13.08194	7	0	0	20.62162646	SWE	NE
Aa4203_4	0	0	0	0	0	0	0	0	0	0	0	0	0	0	0	0	0	0	0	1	0	0	55.67269	13.08194	7	0	0	20.52888177	SWE	NE
Aa4203_5	0	0	0	0	0	0	0	0	0	0	0	0	0	0	0	0	0	0	0	1	0	0	55.67269	13.08194	7	0	0	20.46589947	SWE	NE
Aa4203_6	0	0	0	0	0	0	0	0	0	0	0	0	0	0	0	0	0	0	0	1	0	0	55.67269	13.08194	7	0	0	20.37074254	SWE	NE
Aa4203_7	0	0	0	0	0	0	0	0	0	0	0	0	0	0	0	0	0	0	0	1	0	0	55.67269	13.08194	7	0	0	20.23098625	SWE	NE
Aa4203_8	0	0	0	0	0	0	0	0	0	0	0	0	0	0	0	0	0	0	0	1	0	0	55.67269	13.08194	7	0	0	20.11838459	SWE	NE
Aa4204_1	0	0	0	0	0	0	0	0	0	0	0	0	0	0	0	0	0	0	0	1	0	0	55.85064	13.51504	69	0	0	20.04910429	SWE	NE
Aa4204_2	0	0	0	0	0	0	0	0	0	0	0	0	0	0	0	0	0	0	0	1	0	0	55.85064	13.51504	69	1	1	19.97257664	SWE	NE
Aa4204_3	0	0	0	0	0	0	0	0	0	0	0	0	0	0	0	0	0	0	0	1	0	0	55.85064	13.51504	69	1	1	19.8994863	SWE	NE
Aa4204_4	0	0	0	0	0	0	0	0	0	0	0	0	0	0	0	0	0	0	0	1	0	0	55.85064	13.51504	69	0	1	19.76581386	SWE	NE
Aa4204_5	0	0	0	0	0	0	0	0	0	0	0	0	0	0	0	0	0	0	0	1	0	0	55.85064	13.51504	69	0	1	19.67624227	SWE	NE
Aa4204_6	0	0	0	0	0	0	0	0	0	0	0	0	0	0	0	0	0	0	0	1	0	0	55.85064	13.51504	69	1	0	19.57336411	SWE	NE
Aa4204_7	0	0	0	0	0	0	0	0	0	0	0	0	0	0	0	0	0	0	0	1	0	0	55.85064	13.51504	69	1	1	19.5303744	SWE	NE
Aa4204_8	0	0	0	0	0	0	0	0	0	0	0	0	0	0	0	0	0	0	0	1	0	0	55.85064	13.51504	69	0	0	19.46673182	SWE	NE
Aa4205_1	0	0	0	0	0	0	0	0	0	1	0	0	0	0	0	0	0	0	0	0	0	0	45.47	15.58	400	0	0	19.43010291	HRV 	SEE
Aa4205_2	0	0	0	0	0	0	0	0	0	1	0	0	0	0	0	0	0	0	0	0	0	0	45.47	15.58	400	0	0	19.36019972	HRV 	SEE
Aa4205_3	0	0	0	0	0	0	0	0	0	1	0	0	0	0	0	0	0	0	0	0	0	0	45.47	15.58	400	1	0	19.20542446	HRV 	SEE
Aa4205_4	0	0	0	0	0	0	0	0	0	1	0	0	0	0	0	0	0	0	0	0	0	0	45.47	15.58	400	1	0	19.03789868	HRV 	SEE
Aa4205_5	0	0	0	0	0	0	0	0	0	1	0	0	0	0	0	0	0	0	0	0	0	0	45.47	15.58	400	0	0	18.98510071	HRV 	SEE
Aa4205_6	0	0	0	0	0	0	0	0	0	1	0	0	0	0	0	0	0	0	0	0	0	0	45.47	15.58	400	0	1	18.84428533	HRV 	SEE
Aa4205_7	0	0	0	0	0	0	0	0	0	1	0	0	0	0	0	0	0	0	0	0	0	0	45.47	15.58	400	1	0	18.80367379	HRV 	SEE
Aa4205_8	0	0	0	0	0	0	0	0	0	1	0	0	0	0	0	0	0	0	0	0	0	0	45.47	15.58	400	1	0	18.77149797	HRV 	SEE
Aa4208_1	0	0	0	0	0	0	0	0	0	1	0	0	0	0	0	0	0	0	0	0	0	0	44.7833	15.0667	1090	1	1	18.69449197	HRV 	SEE
Aa4208_2	0	0	0	0	0	0	0	0	0	1	0	0	0	0	0	0	0	0	0	0	0	0	44.7833	15.0667	1090	0	1	18.60958021	HRV 	SEE
Aa4208_3	0	0	0	0	0	0	0	0	0	1	0	0	0	0	0	0	0	0	0	0	0	0	44.7833	15.0667	1090	1	0	18.55240572	HRV 	SEE
Aa4208_4	0	0	0	0	0	0	0	0	0	1	0	0	0	0	0	0	0	0	0	0	0	0	44.7833	15.0667	1090	1	0	18.50629556	HRV 	SEE
Aa4208_5	0	0	0	0	0	0	0	0	0	1	0	0	0	0	0	0	0	0	0	0	0	0	44.7833	15.0667	1090	1	0	18.38957086	HRV 	SEE
Aa4208_6	0	0	0	0	0	0	0	0	0	1	0	0	0	0	0	0	0	0	0	0	0	0	44.7833	15.0667	1090	1	0	18.36320232	HRV 	SEE
Aa4208_7	0	0	0	0	0	0	0	0	0	1	0	0	0	0	0	0	0	0	0	0	0	0	44.7833	15.0667	1090	2	1	18.30622154	HRV 	SEE
Aa4208_8	0	0	0	0	0	0	0	0	0	1	0	0	0	0	0	0	0	0	0	0	0	0	44.7833	15.0667	1090	2	0	18.23793326	HRV 	SEE
Aa4210_1	1	0	0	0	0	0	0	0	0	0	0	0	0	0	0	0	0	0	0	0	0	0	43.6833	17.6833	500	0	0	18.19807527	BIH	SEE
Aa4210_2	1	0	0	0	0	0	0	0	0	0	0	0	0	0	0	0	0	0	0	0	0	0	43.6833	17.6833	500	0	0	18.0806757	BIH	SEE
Aa4210_3	1	0	0	0	0	0	0	0	0	0	0	0	0	0	0	0	0	0	0	0	0	0	43.6833	17.6833	500	0	0	18.00877518	BIH	SEE
Aa4210_4	1	0	0	0	0	0	0	0	0	0	0	0	0	0	0	0	0	0	0	0	0	0	43.6833	17.6833	500	0	0	17.90169304	BIH	SEE
Aa4210_5	1	0	0	0	0	0	0	0	0	0	0	0	0	0	0	0	0	0	0	0	0	0	43.6833	17.6833	500	0	0	17.87112156	BIH	SEE
Aa4210_6	1	0	0	0	0	0	0	0	0	0	0	0	0	0	0	0	0	0	0	0	0	0	43.6833	17.6833	500	0	0	17.79457702	BIH	SEE
Aa4210_7	1	0	0	0	0	0	0	0	0	0	0	0	0	0	0	0	0	0	0	0	0	0	43.6833	17.6833	500	0	0	17.70842292	BIH	SEE
Aa4210_8	1	0	0	0	0	0	0	0	0	0	0	0	0	0	0	0	0	0	0	0	0	0	43.6833	17.6833	500	0	0	17.6197446	BIH	SEE
Aa4212_1	1	0	0	0	0	0	0	0	0	0	0	0	0	0	0	0	0	0	0	0	0	0	44.2	17.65	1280	0	0	17.61120693	BIH	SEE
Aa4212_2	1	0	0	0	0	0	0	0	0	0	0	0	0	0	0	0	0	0	0	0	0	0	44.2	17.65	1280	0	0	17.56225376	BIH	SEE
Aa4212_3	1	0	0	0	0	0	0	0	0	0	0	0	0	0	0	0	0	0	0	0	0	0	44.2	17.65	1280	0	0	17.41591528	BIH	SEE
Aa4212_4	1	0	0	0	0	0	0	0	0	0	0	0	0	0	0	0	0	0	0	0	0	0	44.2	17.65	1280	1	0	17.36442444	BIH	SEE
Aa4212_5	1	0	0	0	0	0	0	0	0	0	0	0	0	0	0	0	0	0	0	0	0	0	44.2	17.65	1280	1	0	17.30735488	BIH	SEE
Aa4212_6	1	0	0	0	0	0	0	0	0	0	0	0	0	0	0	0	0	0	0	0	0	0	44.2	17.65	1280	0	0	17.27626415	BIH	SEE
Aa4212_7	1	0	0	0	0	0	0	0	0	0	0	0	0	0	0	0	0	0	0	0	0	0	44.2	17.65	1280	0	0	17.2539538	BIH	SEE
Aa4212_8	1	0	0	0	0	0	0	0	0	0	0	0	0	0	0	0	0	0	0	0	0	0	44.2	17.65	1280	0	0	17.208138	BIH	SEE
Aa4213_1	1	0	0	0	0	0	0	0	0	0	0	0	0	0	0	0	0	0	0	0	0	0	44.05	16.9167	920	0	0	17.19816476	BIH	SEE
Aa4213_2	1	0	0	0	0	0	0	0	0	0	0	0	0	0	0	0	0	0	0	0	0	0	44.05	16.9167	920	1	0	17.11924229	BIH	SEE
Aa4213_3	1	0	0	0	0	0	0	0	0	0	0	0	0	0	0	0	0	0	0	0	0	0	44.05	16.9167	920	0	0	17.00599856	BIH	SEE
Aa4213_4	1	0	0	0	0	0	0	0	0	0	0	0	0	0	0	0	0	0	0	0	0	0	44.05	16.9167	920	0	0	16.99100808	BIH	SEE
Aa4213_5	1	0	0	0	0	0	0	0	0	0	0	0	0	0	0	0	0	0	0	0	0	0	44.05	16.9167	920	0	0	16.90342518	BIH	SEE
Aa4213_6	1	0	0	0	0	0	0	0	0	0	0	0	0	0	0	0	0	0	0	0	0	0	44.05	16.9167	920	0	0	16.87277131	BIH	SEE
Aa4213_7	1	0	0	0	0	0	0	0	0	0	0	0	0	0	0	0	0	0	0	0	0	0	44.05	16.9167	920	0	0	16.80402845	BIH	SEE
Aa4213_8	1	0	0	0	0	0	0	0	0	0	0	0	0	0	0	0	0	0	0	0	0	0	44.05	16.9167	920	0	0	16.73417538	BIH	SEE
Aa4216_1	1	0	0	0	0	0	0	0	0	0	0	0	0	0	0	0	0	0	0	0	0	0	44.6	16.8333	510	0	0	16.69087615	BIH	SEE
Aa4216_2	1	0	0	0	0	0	0	0	0	0	0	0	0	0	0	0	0	0	0	0	0	0	44.6	16.8333	510	0	0	16.66550773	BIH	SEE
Aa4216_3	1	0	0	0	0	0	0	0	0	0	0	0	0	0	0	0	0	0	0	0	0	0	44.6	16.8333	510	0	2	16.62488404	BIH	SEE
Aa4216_4	1	0	0	0	0	0	0	0	0	0	0	0	0	0	0	0	0	0	0	0	0	0	44.6	16.8333	510	0	0	16.56157727	BIH	SEE
Aa4216_5	1	0	0	0	0	0	0	0	0	0	0	0	0	0	0	0	0	0	0	0	0	0	44.6	16.8333	510	0	1	16.46592935	BIH	SEE
Aa4216_6	1	0	0	0	0	0	0	0	0	0	0	0	0	0	0	0	0	0	0	0	0	0	44.6	16.8333	510	0	0	16.44514841	BIH	SEE
Aa4216_7	1	0	0	0	0	0	0	0	0	0	0	0	0	0	0	0	0	0	0	0	0	0	44.6	16.8333	510	0	0	16.39374805	BIH	SEE
Aa4216_8	1	0	0	0	0	0	0	0	0	0	0	0	0	0	0	0	0	0	0	0	0	0	44.6	16.8333	510	0	0	16.333461	BIH	SEE
Aa4217_1	0	0	0	0	0	0	0	0	0	0	0	0	0	0	0	0	0	0	1	0	0	0	45.8333	14.2	850	0	0	16.29618158	SVN	SEE
Aa4217_2	0	0	0	0	0	0	0	0	0	0	0	0	0	0	0	0	0	0	1	0	0	0	45.8333	14.2	850	0	0	16.25124574	SVN	SEE
Aa4217_3	0	0	0	0	0	0	0	0	0	0	0	0	0	0	0	0	0	0	1	0	0	0	45.8333	14.2	850	0	0	16.2378859	SVN	SEE
Aa4217_4	0	0	0	0	0	0	0	0	0	0	0	0	0	0	0	0	0	0	1	0	0	0	45.8333	14.2	850	0	0	16.18217877	SVN	SEE
Aa4217_5	0	0	0	0	0	0	0	0	0	0	0	0	0	0	0	0	0	0	1	0	0	0	45.8333	14.2	850	0	0	16.1064528	SVN	SEE
Aa4217_6	0	0	0	0	0	0	0	0	0	0	0	0	0	0	0	0	0	0	1	0	0	0	45.8333	14.2	850	0	0	16.06720049	SVN	SEE
Aa4217_7	0	0	0	0	0	0	0	0	0	0	0	0	0	0	0	0	0	0	1	0	0	0	45.8333	14.2	850	0	1	15.95877065	SVN	SEE
Aa4217_8	0	0	0	0	0	0	0	0	0	0	0	0	0	0	0	0	0	0	1	0	0	0	45.8333	14.2	850	0	0	15.94106671	SVN	SEE
Aa4219_1	0	0	0	0	0	0	0	0	0	0	0	0	0	0	0	0	0	0	1	0	0	0	46.35	13.4833	1400	2	0	15.91480371	SVN	SEE
Aa4219_2	0	0	0	0	0	0	0	0	0	0	0	0	0	0	0	0	0	0	1	0	0	0	46.35	13.4833	1400	1	0	15.80775423	SVN	SEE
Aa4219_3	0	0	0	0	0	0	0	0	0	0	0	0	0	0	0	0	0	0	1	0	0	0	46.35	13.4833	1400	1	1	15.7811643	SVN	SEE
Aa4219_4	0	0	0	0	0	0	0	0	0	0	0	0	0	0	0	0	0	0	1	0	0	0	46.35	13.4833	1400	0	1	15.76298917	SVN	SEE
Aa4219_5	0	0	0	0	0	0	0	0	0	0	0	0	0	0	0	0	0	0	1	0	0	0	46.35	13.4833	1400	2	0	15.69394143	SVN	SEE
Aa4219_6	0	0	0	0	0	0	0	0	0	0	0	0	0	0	0	0	0	0	1	0	0	0	46.35	13.4833	1400	1	0	15.68329705	SVN	SEE
Aa4219_7	0	0	0	0	0	0	0	0	0	0	0	0	0	0	0	0	0	0	1	0	0	0	46.35	13.4833	1400	1	0	15.6326007	SVN	SEE
Aa4219_8	0	0	0	0	0	0	0	0	0	0	0	0	0	0	0	0	0	0	1	0	0	0	46.35	13.4833	1400	1	1	15.57567363	SVN	SEE
Aa4283_1	0	0	0	0	0	0	0	0	0	0	0	0	0	0	0	0	0	0	1	0	0	0	46.35	13.4833	1400	1	0	15.52645537	SVN	SEE
Aa4283_2	0	0	0	0	0	0	0	0	0	0	0	0	0	0	0	0	0	0	0	0	0	1	40.52	70.46	840	0	0	15.51285594	UZB	CA
Aa4283_3	0	0	0	0	0	0	0	0	0	0	0	0	0	0	0	0	0	0	0	0	0	1	40.52	70.46	840	0	0	15.47819378	UZB	CA
Aa4283_4	0	0	0	0	0	0	0	0	0	0	0	0	0	0	0	0	0	0	0	0	0	1	40.52	70.46	840	0	0	15.42022356	UZB	CA
Aa4283_5	0	0	0	0	0	0	0	0	0	0	0	0	0	0	0	0	0	0	0	0	0	1	40.52	70.46	840	1	0	15.37569324	UZB	CA
Aa4283_7	0	0	0	0	0	0	0	0	0	0	0	0	0	0	0	0	0	0	0	0	0	1	40.52	70.46	840	0	0	15.36185816	UZB	CA
Aa4283_8	0	0	0	0	0	0	0	0	0	0	0	0	0	0	0	0	0	0	0	0	0	1	40.52	70.46	840	1	0	15.27204938	UZB	CA
Aa4292_1	0	0	0	0	0	0	0	0	0	0	0	0	0	0	0	0	0	0	0	0	0	1	40.52	70.46	840	1	1	15.26699238	UZB	CA
Aa4292_2	0	0	0	1	0	0	0	0	0	0	0	0	0	0	0	0	0	0	0	0	0	0	49.4833	18.1	460	2	0	15.21469393	CZE	EE
Aa4292_3	0	0	0	1	0	0	0	0	0	0	0	0	0	0	0	0	0	0	0	0	0	0	49.4833	18.1	460	2	0	15.16259503	CZE	EE
Aa4292_4	0	0	0	1	0	0	0	0	0	0	0	0	0	0	0	0	0	0	0	0	0	0	49.4833	18.1	460	1	1	15.12809453	CZE	EE
Aa4292_5	0	0	0	1	0	0	0	0	0	0	0	0	0	0	0	0	0	0	0	0	0	0	49.4833	18.1	460	1	0	15.11661748	CZE	EE
Aa4292_6	0	0	0	1	0	0	0	0	0	0	0	0	0	0	0	0	0	0	0	0	0	0	49.4833	18.1	460	1	1	15.00326338	CZE	EE
Aa4292_7	0	0	0	1	0	0	0	0	0	0	0	0	0	0	0	0	0	0	0	0	0	0	49.4833	18.1	460	2	1	14.98348453	CZE	EE
Aa4292_8	0	0	0	1	0	0	0	0	0	0	0	0	0	0	0	0	0	0	0	0	0	0	49.4833	18.1	460	0	1	14.93343623	CZE	EE
Aa4298_1	0	0	0	1	0	0	0	0	0	0	0	0	0	0	0	0	0	0	0	0	0	0	49.4833	18.1	460	0	2	14.88627056	CZE	EE
Aa4298_2	0	0	0	0	0	0	0	0	0	0	0	0	0	0	0	0	0	1	0	0	0	0	49.1833	18.2167	380	1	1	14.88265771	SVK	EE
Aa4298_3	0	0	0	0	0	0	0	0	0	0	0	0	0	0	0	0	0	1	0	0	0	0	49.1833	18.2167	380	0	1	14.87233568	SVK	EE
Aa4298_4	0	0	0	0	0	0	0	0	0	0	0	0	0	0	0	0	0	1	0	0	0	0	49.1833	18.2167	380	0	1	14.77703851	SVK	EE
Aa4298_5	0	0	0	0	0	0	0	0	0	0	0	0	0	0	0	0	0	1	0	0	0	0	49.1833	18.2167	380	0	1	14.7066966	SVK	EE
Aa4298_6	0	0	0	0	0	0	0	0	0	0	0	0	0	0	0	0	0	1	0	0	0	0	49.1833	18.2167	380	1	1	14.66698446	SVK	EE
Aa4298_7	0	0	0	0	0	0	0	0	0	0	0	0	0	0	0	0	0	1	0	0	0	0	49.1833	18.2167	380	0	1	14.65057312	SVK	EE
Aa4298_8	0	0	0	0	0	0	0	0	0	0	0	0	0	0	0	0	0	1	0	0	0	0	49.1833	18.2167	380	0	1	14.62091941	SVK	EE
Aa4301_1	0	0	0	0	0	0	0	0	0	0	0	0	0	0	0	0	0	1	0	0	0	0	48.8667	19.0333	1269	2	1	14.57607542	SVK	EE
Aa4301_2	0	0	0	0	0	0	0	0	0	0	0	0	0	0	0	0	0	1	0	0	0	0	48.8667	19.0333	1269	1	0	14.52733445	SVK	EE
Aa4301_3	0	0	0	0	0	0	0	0	0	0	0	0	0	0	0	0	0	1	0	0	0	0	48.8667	19.0333	1269	0	2	14.48029115	SVK	EE
Aa4301_4	0	0	0	0	0	0	0	0	0	0	0	0	0	0	0	0	0	1	0	0	0	0	48.8667	19.0333	1269	1	2	14.4256267	SVK	EE
Aa4301_5	0	0	0	0	0	0	0	0	0	0	0	0	0	0	0	0	0	1	0	0	0	0	48.8667	19.0333	1269	0	2	14.38200654	SVK	EE
Aa4301_6	0	0	0	0	0	0	0	0	0	0	0	0	0	0	0	0	0	1	0	0	0	0	48.8667	19.0333	1269	1	2	14.36139182	SVK	EE
Aa4301_7	0	0	0	0	0	0	0	0	0	0	0	0	0	0	0	0	0	1	0	0	0	0	48.8667	19.0333	1269	0	2	14.30987419	SVK	EE
Aa4301_8	0	0	0	0	0	0	0	0	0	0	0	0	0	0	0	0	0	1	0	0	0	0	48.8667	19.0333	1269	1	2	14.29496236	SVK	EE
Aa4304_1	0	0	0	1	0	0	0	0	0	0	0	0	0	0	0	0	0	0	0	0	0	0	49.55	14.4167	650	2	0	14.22133059	CZE	EE
Aa4304_2	0	0	0	1	0	0	0	0	0	0	0	0	0	0	0	0	0	0	0	0	0	0	49.55	14.4167	650	2	1	14.1782356	CZE	EE
Aa4304_3	0	0	0	1	0	0	0	0	0	0	0	0	0	0	0	0	0	0	0	0	0	0	49.55	14.4167	650	1	1	14.14475593	CZE	EE
Aa4304_4	0	0	0	1	0	0	0	0	0	0	0	0	0	0	0	0	0	0	0	0	0	0	49.55	14.4167	650	2	0	14.10350493	CZE	EE
Aa4304_5	0	0	0	1	0	0	0	0	0	0	0	0	0	0	0	0	0	0	0	0	0	0	49.55	14.4167	650	1	1	14.08576039	CZE	EE
Aa4304_6	0	0	0	1	0	0	0	0	0	0	0	0	0	0	0	0	0	0	0	0	0	0	49.55	14.4167	650	2	1	14.03276076	CZE	EE
Aa4304_7	0	0	0	1	0	0	0	0	0	0	0	0	0	0	0	0	0	0	0	0	0	0	49.55	14.4167	650	2	0	14.01575731	CZE	EE
Aa4304_8	0	0	0	1	0	0	0	0	0	0	0	0	0	0	0	0	0	0	0	0	0	0	49.55	14.4167	650	2	0	13.95523879	CZE	EE
Aa4355_1	0	1	0	0	0	0	0	0	0	0	0	0	0	0	0	0	0	0	0	0	0	0	42.5833	23.25	1690	0	0	13.92904332	BGR	EE
Aa4355_2	0	1	0	0	0	0	0	0	0	0	0	0	0	0	0	0	0	0	0	0	0	0	42.5833	23.25	1690	1	0	13.92012502	BGR	EE
Aa4355_3	0	1	0	0	0	0	0	0	0	0	0	0	0	0	0	0	0	0	0	0	0	0	42.5833	23.25	1690	0	0	13.84849149	BGR	EE
Aa4355_4	0	1	0	0	0	0	0	0	0	0	0	0	0	0	0	0	0	0	0	0	0	0	42.5833	23.25	1690	1	0	13.82402931	BGR	EE
Aa4355_5	0	1	0	0	0	0	0	0	0	0	0	0	0	0	0	0	0	0	0	0	0	0	42.5833	23.25	1690	2	0	13.76891084	BGR	EE
Aa4355_6	0	1	0	0	0	0	0	0	0	0	0	0	0	0	0	0	0	0	0	0	0	0	42.5833	23.25	1690	1	0	13.75865857	BGR	EE
Aa4355_7	0	1	0	0	0	0	0	0	0	0	0	0	0	0	0	0	0	0	0	0	0	0	42.5833	23.25	1690	0	0	13.73513487	BGR	EE
Aa4355_8	0	1	0	0	0	0	0	0	0	0	0	0	0	0	0	0	0	0	0	0	0	0	42.5833	23.25	1690	1	0	13.68815309	BGR	EE
Aa4358_1	0	1	0	0	0	0	0	0	0	0	0	0	0	0	0	0	0	0	0	0	0	0	42.2667	23.6667	960	2	0	13.63608982	BGR	EE
Aa4358_2	0	1	0	0	0	0	0	0	0	0	0	0	0	0	0	0	0	0	0	0	0	0	42.2667	23.6667	960	2	1	13.5832617	BGR	EE
Aa4358_3	0	1	0	0	0	0	0	0	0	0	0	0	0	0	0	0	0	0	0	0	0	0	42.2667	23.6667	960	1	1	13.54582314	BGR	EE
Aa4358_4	0	1	0	0	0	0	0	0	0	0	0	0	0	0	0	0	0	0	0	0	0	0	42.2667	23.6667	960	1	0	13.5277132	BGR	EE
Aa4358_5	0	1	0	0	0	0	0	0	0	0	0	0	0	0	0	0	0	0	0	0	0	0	42.2667	23.6667	960	2	0	13.52059492	BGR	EE
Aa4358_6	0	1	0	0	0	0	0	0	0	0	0	0	0	0	0	0	0	0	0	0	0	0	42.2667	23.6667	960	2	0	13.48364246	BGR	EE
Aa4358_7	0	1	0	0	0	0	0	0	0	0	0	0	0	0	0	0	0	0	0	0	0	0	42.2667	23.6667	960	1	0	13.47166016	BGR	EE
Aa4358_8	0	1	0	0	0	0	0	0	0	0	0	0	0	0	0	0	0	0	0	0	0	0	42.2667	23.6667	960	1	1	13.4139802	BGR	EE
Aa4369_1	0	0	0	0	0	0	0	0	0	0	0	0	0	0	0	0	0	0	0	0	1	0	36.75	71.6	2800	0	0	13.38734762	TJK	CA
Aa4369_2	0	0	0	0	0	0	0	0	0	0	0	0	0	0	0	0	0	0	0	0	1	0	36.75	71.6	2800	0	0	13.31066178	TJK	CA
Aa4369_3	0	0	0	0	0	0	0	0	0	0	0	0	0	0	0	0	0	0	0	0	1	0	36.75	71.6	2800	0	0	13.30535453	TJK	CA
Aa4369_4	0	0	0	0	0	0	0	0	0	0	0	0	0	0	0	0	0	0	0	0	1	0	36.75	71.6	2800	0	0	13.29053794	TJK	CA
Aa4369_6	0	0	0	0	0	0	0	0	0	0	0	0	0	0	0	0	0	0	0	0	1	0	36.75	71.6	2800	0	0	13.27267614	TJK	CA
Aa4369_7	0	0	0	0	0	0	0	0	0	0	0	0	0	0	0	0	0	0	0	0	1	0	36.75	71.6	2800	0	0	13.19358829	TJK	CA
Aa4369_8	0	0	0	0	0	0	0	0	0	0	0	0	0	0	0	0	0	0	0	0	1	0	36.75	71.6	2800	0	0	13.17732022	TJK	CA
Aa4370_1	0	0	0	0	0	0	0	0	0	0	0	0	0	0	0	0	0	0	0	0	1	0	36.7167	71.6333	2800	0	0	13.12978505	TJK	CA
Aa4370_2	0	0	0	0	0	0	0	0	0	0	0	0	0	0	0	0	0	0	0	0	1	0	36.7167	71.6333	2800	0	1	13.12207539	TJK	CA
Aa4370_3	0	0	0	0	0	0	0	0	0	0	0	0	0	0	0	0	0	0	0	0	1	0	36.7167	71.6333	2800	0	0	13.08500336	TJK	CA
Aa4370_4	0	0	0	0	0	0	0	0	0	0	0	0	0	0	0	0	0	0	0	0	1	0	36.7167	71.6333	2800	0	0	13.00805353	TJK	CA
Aa4370_5	0	0	0	0	0	0	0	0	0	0	0	0	0	0	0	0	0	0	0	0	1	0	36.7167	71.6333	2800	0	0	12.97757894	TJK	CA
Aa4370_6	0	0	0	0	0	0	0	0	0	0	0	0	0	0	0	0	0	0	0	0	1	0	36.7167	71.6333	2800	0	0	12.91061124	TJK	CA
Aa4370_7	0	0	0	0	0	0	0	0	0	0	0	0	0	0	0	0	0	0	0	0	1	0	36.7167	71.6333	2800	0	0	12.89530952	TJK	CA
Aa4370_8	0	0	0	0	0	0	0	0	0	0	0	0	0	0	0	0	0	0	0	0	1	0	36.7167	71.6333	2800	0	1	12.87610914	TJK	CA
Aa4374_1	0	0	0	0	0	0	0	0	0	0	0	0	0	0	0	0	0	0	0	0	1	0	38	71.75	2200	0	0	12.83941664	TJK	CA
Aa4374_2	0	0	0	0	0	0	0	0	0	0	0	0	0	0	0	0	0	0	0	0	1	0	38	71.75	2200	0	0	12.82622989	TJK	CA
Aa4374_3	0	0	0	0	0	0	0	0	0	0	0	0	0	0	0	0	0	0	0	0	1	0	38	71.75	2200	0	0	12.75161252	TJK	CA
Aa4374_4	0	0	0	0	0	0	0	0	0	0	0	0	0	0	0	0	0	0	0	0	1	0	38	71.75	2200	0	0	12.73607998	TJK	CA
Aa4374_5	0	0	0	0	0	0	0	0	0	0	0	0	0	0	0	0	0	0	0	0	1	0	38	71.75	2200	0	0	12.70831939	TJK	CA
Aa4374_6	0	0	0	0	0	0	0	0	0	0	0	0	0	0	0	0	0	0	0	0	1	0	38	71.75	2200	0	0	12.69771466	TJK	CA
Aa4374_7	0	0	0	0	0	0	0	0	0	0	0	0	0	0	0	0	0	0	0	0	1	0	38	71.75	2200	0	0	12.64611202	TJK	CA
Aa4374_8	0	0	0	0	0	0	0	0	0	0	0	0	0	0	0	0	0	0	0	0	1	0	38	71.75	2200	0	0	12.61316308	TJK	CA
Aa4379_1	0	0	0	0	0	0	0	0	0	0	0	0	0	0	0	0	0	0	0	1	0	0	55.6	13	12	0	2	12.56585169	SWE	NE
Aa4379_10	0	0	0	0	0	0	0	0	0	0	0	0	0	0	0	0	0	0	0	1	0	0	55.6	13	12	0	1	12.53582174	SWE	NE
Aa4379_11	0	0	0	0	0	0	0	0	0	0	0	0	0	0	0	0	0	0	0	1	0	0	55.6	13	12	0	1	12.515363	SWE	NE
Aa4379_12	0	0	0	0	0	0	0	0	0	0	0	0	0	0	0	0	0	0	0	1	0	0	55.6	13	12	0	2	12.4961821	SWE	NE
Aa4379_13	0	0	0	0	0	0	0	0	0	0	0	0	0	0	0	0	0	0	0	1	0	0	55.6	13	12	0	1	12.44222219	SWE	NE
Aa4379_14	0	0	0	0	0	0	0	0	0	0	0	0	0	0	0	0	0	0	0	1	0	0	55.6	13	12	0	1	12.40973849	SWE	NE
Aa4379_15	0	0	0	0	0	0	0	0	0	0	0	0	0	0	0	0	0	0	0	1	0	0	55.6	13	12	1	2	12.38962174	SWE	NE
Aa4379_16	0	0	0	0	0	0	0	0	0	0	0	0	0	0	0	0	0	0	0	1	0	0	55.6	13	12	0	2	12.36759817	SWE	NE
Aa4379_2	0	0	0	0	0	0	0	0	0	0	0	0	0	0	0	0	0	0	0	1	0	0	55.6	13	12	0	1	12.32103941	SWE	NE
Aa4379_3	0	0	0	0	0	0	0	0	0	0	0	0	0	0	0	0	0	0	0	1	0	0	55.6	13	12	0	2	12.29482757	SWE	NE
Aa4379_4	0	0	0	0	0	0	0	0	0	0	0	0	0	0	0	0	0	0	0	1	0	0	55.6	13	12	0	2	12.23898535	SWE	NE
Aa4379_5	0	0	0	0	0	0	0	0	0	0	0	0	0	0	0	0	0	0	0	1	0	0	55.6	13	12	0	1	12.21736112	SWE	NE
Aa4379_6	0	0	0	0	0	0	0	0	0	0	0	0	0	0	0	0	0	0	0	1	0	0	55.6	13	12	0	2	12.18609878	SWE	NE
Aa4379_7	0	0	0	0	0	0	0	0	0	0	0	0	0	0	0	0	0	0	0	1	0	0	55.6	13	12	0	1	12.1499028	SWE	NE
Aa4379_8	0	0	0	0	0	0	0	0	0	0	0	0	0	0	0	0	0	0	0	1	0	0	55.6	13	12	0	0	12.09473517	SWE	NE
Aa4379_9	0	0	0	0	0	0	0	0	0	0	0	0	0	0	0	0	0	0	0	1	0	0	55.6	13	12	0	0	12.08844935	SWE	NE
Aa4388_1	0	0	0	0	0	0	0	0	1	0	0	0	0	0	0	0	0	0	0	0	0	0	51.63921	-1.8575	80	2	0	12.05920834	GBR	NE
Aa4388_2	0	0	0	0	0	0	0	0	1	0	0	0	0	0	0	0	0	0	0	0	0	0	51.63921	-1.8575	80	2	0	12.02310593	GBR	NE
Aa4388_3	0	0	0	0	0	0	0	0	1	0	0	0	0	0	0	0	0	0	0	0	0	0	51.63921	-1.8575	80	2	0	12.0140668	GBR	NE
Aa4388_4	0	0	0	0	0	0	0	0	1	0	0	0	0	0	0	0	0	0	0	0	0	0	51.63921	-1.8575	80	2	0	11.97916055	GBR	NE
Aa4388_5	0	0	0	0	0	0	0	0	1	0	0	0	0	0	0	0	0	0	0	0	0	0	51.63921	-1.8575	80	2	0	11.96594855	GBR	NE
Aa4388_6	0	0	0	0	0	0	0	0	1	0	0	0	0	0	0	0	0	0	0	0	0	0	51.63921	-1.8575	80	2	0	11.91768035	GBR	NE
Aa4388_7	0	0	0	0	0	0	0	0	1	0	0	0	0	0	0	0	0	0	0	0	0	0	51.63921	-1.8575	80	2	1	11.88516347	GBR	NE
Aa4388_8	0	0	0	0	0	0	0	0	1	0	0	0	0	0	0	0	0	0	0	0	0	0	51.63921	-1.8575	80	2	0	11.86020323	GBR	NE
Aa4390_1	0	0	0	0	0	0	0	0	0	0	0	0	0	0	0	1	0	0	0	0	0	0	41.3333	-7.7667	753	0	0	11.83195285	PRT	SWE
Aa4390_2	0	0	0	0	0	0	0	0	0	0	0	0	0	0	0	1	0	0	0	0	0	0	41.3333	-7.7667	753	0	0	11.79649679	PRT	SWE
Aa4390_3	0	0	0	0	0	0	0	0	0	0	0	0	0	0	0	1	0	0	0	0	0	0	41.3333	-7.7667	753	0	0	11.76953381	PRT	SWE
Aa4390_4	0	0	0	0	0	0	0	0	0	0	0	0	0	0	0	1	0	0	0	0	0	0	41.3333	-7.7667	753	0	0	11.72867507	PRT	SWE
Aa4390_5	0	0	0	0	0	0	0	0	0	0	0	0	0	0	0	1	0	0	0	0	0	0	41.3333	-7.7667	753	0	0	11.70157177	PRT	SWE
Aa4390_6	0	0	0	0	0	0	0	0	0	0	0	0	0	0	0	1	0	0	0	0	0	0	41.3333	-7.7667	753	0	0	11.69795804	PRT	SWE
Aa4390_7	0	0	0	0	0	0	0	0	0	0	0	0	0	0	0	1	0	0	0	0	0	0	41.3333	-7.7667	753	0	0	11.64455398	PRT	SWE
Aa4390_8	0	0	0	0	0	0	0	0	0	0	0	0	0	0	0	1	0	0	0	0	0	0	41.3333	-7.7667	753	0	0	11.59148947	PRT	SWE
Aa4397_1	0	0	0	0	0	0	0	0	1	0	0	0	0	0	0	0	0	0	0	0	0	0	51.0167	-2.8667	30	1	0	11.56530053	GBR	NE
Aa4397_2	0	0	0	0	0	0	0	0	1	0	0	0	0	0	0	0	0	0	0	0	0	0	51.0167	-2.8667	30	1	0	11.54499157	GBR	NE
Aa4397_3	0	0	0	0	0	0	0	0	1	0	0	0	0	0	0	0	0	0	0	0	0	0	51.0167	-2.8667	30	2	0	11.51586537	GBR	NE
Aa4397_4	0	0	0	0	0	0	0	0	1	0	0	0	0	0	0	0	0	0	0	0	0	0	51.0167	-2.8667	30	2	0	11.49403714	GBR	NE
Aa4397_5	0	0	0	0	0	0	0	0	1	0	0	0	0	0	0	0	0	0	0	0	0	0	51.0167	-2.8667	30	1	0	11.48594336	GBR	NE
Aa4397_6	0	0	0	0	0	0	0	0	1	0	0	0	0	0	0	0	0	0	0	0	0	0	51.0167	-2.8667	30	2	1	11.43723821	GBR	NE
Aa4397_7	0	0	0	0	0	0	0	0	1	0	0	0	0	0	0	0	0	0	0	0	0	0	51.0167	-2.8667	30	1	0	11.40767521	GBR	NE
Aa4397_8	0	0	0	0	0	0	0	0	1	0	0	0	0	0	0	0	0	0	0	0	0	0	51.0167	-2.8667	30	2	0	11.38401048	GBR	NE
Aa4398_1	0	0	0	0	0	0	0	0	1	0	0	0	0	0	0	0	0	0	0	0	0	0	54.6833	-2.2667	440	2	0	11.36068647	GBR	NE
Aa4398_2	0	0	0	0	0	0	0	0	1	0	0	0	0	0	0	0	0	0	0	0	0	0	54.6833	-2.2667	440	2	0	11.34442223	GBR	NE
Aa4398_3	0	0	0	0	0	0	0	0	1	0	0	0	0	0	0	0	0	0	0	0	0	0	54.6833	-2.2667	440	2	0	11.29632637	GBR	NE
Aa4398_4	0	0	0	0	0	0	0	0	1	0	0	0	0	0	0	0	0	0	0	0	0	0	54.6833	-2.2667	440	2	0	11.29050982	GBR	NE
Aa4398_5	0	0	0	0	0	0	0	0	1	0	0	0	0	0	0	0	0	0	0	0	0	0	54.6833	-2.2667	440	2	0	11.23501039	GBR	NE
Aa4398_6	0	0	0	0	0	0	0	0	1	0	0	0	0	0	0	0	0	0	0	0	0	0	54.6833	-2.2667	440	2	0	11.22534392	GBR	NE
Aa4398_7	0	0	0	0	0	0	0	0	1	0	0	0	0	0	0	0	0	0	0	0	0	0	54.6833	-2.2667	440	2	0	11.20810996	GBR	NE
Aa4398_8	0	0	0	0	0	0	0	0	1	0	0	0	0	0	0	0	0	0	0	0	0	0	54.6833	-2.2667	440	2	0	11.14688251	GBR	NE
Aa4399_1	0	0	0	0	0	0	0	0	1	0	0	0	0	0	0	0	0	0	0	0	0	0	51.0667	-2.8333	100	1	0	11.11297628	GBR	NE
Aa4399_2	0	0	0	0	0	0	0	0	1	0	0	0	0	0	0	0	0	0	0	0	0	0	51.0667	-2.8333	100	1	1	11.10499705	GBR	NE
Aa4399_3	0	0	0	0	0	0	0	0	1	0	0	0	0	0	0	0	0	0	0	0	0	0	51.0667	-2.8333	100	1	0	11.04927721	GBR	NE
Aa4399_4	0	0	0	0	0	0	0	0	1	0	0	0	0	0	0	0	0	0	0	0	0	0	51.0667	-2.8333	100	0	1	11.03250722	GBR	NE
Aa4399_5	0	0	0	0	0	0	0	0	1	0	0	0	0	0	0	0	0	0	0	0	0	0	51.0667	-2.8333	100	0	1	11.01671201	GBR	NE
Aa4399_6	0	0	0	0	0	0	0	0	1	0	0	0	0	0	0	0	0	0	0	0	0	0	51.0667	-2.8333	100	2	1	10.99110941	GBR	NE
Aa4399_7	0	0	0	0	0	0	0	0	1	0	0	0	0	0	0	0	0	0	0	0	0	0	51.0667	-2.8333	100	1	1	10.95835662	GBR	NE
Aa4399_8	0	0	0	0	0	0	0	0	1	0	0	0	0	0	0	0	0	0	0	0	0	0	51.0667	-2.8333	100	2	0	10.92526665	GBR	NE
Aa4401_1	0	0	0	0	0	0	0	0	1	0	0	0	0	0	0	0	0	0	0	0	0	0	54.6333	-2.0833	300	1	1	10.90871429	GBR	NE
Aa4401_2	0	0	0	0	0	0	0	0	1	0	0	0	0	0	0	0	0	0	0	0	0	0	54.6333	-2.0833	300	1	1	10.86249707	GBR	NE
Aa4401_3	0	0	0	0	0	0	0	0	1	0	0	0	0	0	0	0	0	0	0	0	0	0	54.6333	-2.0833	300	1	1	10.82857628	GBR	NE
Aa4401_4	0	0	0	0	0	0	0	0	1	0	0	0	0	0	0	0	0	0	0	0	0	0	54.6333	-2.0833	300	1	1	10.81904238	GBR	NE
Aa4401_5	0	0	0	0	0	0	0	0	1	0	0	0	0	0	0	0	0	0	0	0	0	0	54.6333	-2.0833	300	1	1	10.80365618	GBR	NE
Aa4401_6	0	0	0	0	0	0	0	0	1	0	0	0	0	0	0	0	0	0	0	0	0	0	54.6333	-2.0833	300	1	1	10.75428944	GBR	NE
Aa4401_7	0	0	0	0	0	0	0	0	1	0	0	0	0	0	0	0	0	0	0	0	0	0	54.6333	-2.0833	300	1	1	10.73721289	GBR	NE
Aa4401_8	0	0	0	0	0	0	0	0	1	0	0	0	0	0	0	0	0	0	0	0	0	0	54.6333	-2.0833	300	2	1	10.72594859	GBR	NE
Aa4402_1	0	0	0	0	0	0	0	0	1	0	0	0	0	0	0	0	0	0	0	0	0	0	51.3833	-2.9667	30	2	0	10.66506295	GBR	NE
Aa4402_2	0	0	0	0	0	0	0	0	1	0	0	0	0	0	0	0	0	0	0	0	0	0	51.3833	-2.9667	30	2	0	10.65995762	GBR	NE
Aa4402_3	0	0	0	0	0	0	0	0	1	0	0	0	0	0	0	0	0	0	0	0	0	0	51.3833	-2.9667	30	2	0	10.63959568	GBR	NE
Aa4402_4	0	0	0	0	0	0	0	0	1	0	0	0	0	0	0	0	0	0	0	0	0	0	51.3833	-2.9667	30	2	0	10.59875177	GBR	NE
Aa4402_5	0	0	0	0	0	0	0	0	1	0	0	0	0	0	0	0	0	0	0	0	0	0	51.3833	-2.9667	30	1	0	10.5760703	GBR	NE
Aa4402_6	0	0	0	0	0	0	0	0	1	0	0	0	0	0	0	0	0	0	0	0	0	0	51.3833	-2.9667	30	2	0	10.5393332	GBR	NE
Aa4402_7	0	0	0	0	0	0	0	0	1	0	0	0	0	0	0	0	0	0	0	0	0	0	51.3833	-2.9667	30	2	0	10.50521691	GBR	NE
Aa4402_8	0	0	0	0	0	0	0	0	1	0	0	0	0	0	0	0	0	0	0	0	0	0	51.3833	-2.9667	30	2	0	10.47473293	GBR	NE
Aa4403_1	0	0	0	0	0	0	0	0	1	0	0	0	0	0	0	0	0	0	0	0	0	0	51.2333	-2.6833	240	2	0	10.456651	GBR	NE
Aa4403_2	0	0	0	0	0	0	0	0	1	0	0	0	0	0	0	0	0	0	0	0	0	0	51.2333	-2.6833	240	1	0	10.41049147	GBR	NE
Aa4403_3	0	0	0	0	0	0	0	0	1	0	0	0	0	0	0	0	0	0	0	0	0	0	51.2333	-2.6833	240	2	0	10.3988449	GBR	NE
Aa4403_4	0	0	0	0	0	0	0	0	1	0	0	0	0	0	0	0	0	0	0	0	0	0	51.2333	-2.6833	240	2	0	10.38960021	GBR	NE
Aa4403_5	0	0	0	0	0	0	0	0	1	0	0	0	0	0	0	0	0	0	0	0	0	0	51.2333	-2.6833	240	2	0	10.37101709	GBR	NE
Aa4403_6	0	0	0	0	0	0	0	0	1	0	0	0	0	0	0	0	0	0	0	0	0	0	51.2333	-2.6833	240	1	0	10.32674052	GBR	NE
Aa4403_7	0	0	0	0	0	0	0	0	1	0	0	0	0	0	0	0	0	0	0	0	0	0	51.2333	-2.6833	240	2	0	10.31319228	GBR	NE
Aa4403_8	0	0	0	0	0	0	0	0	1	0	0	0	0	0	0	0	0	0	0	0	0	0	51.2333	-2.6833	240	2	0	10.29115813	GBR	NE
Aa4405_1	0	0	0	0	0	0	0	0	0	0	0	0	0	1	0	0	0	0	0	0	0	0	34.38858	73.30011	2200	0	0	10.26995422	PAK	SA
Aa4405_2	0	0	0	0	0	0	0	0	0	0	0	0	0	1	0	0	0	0	0	0	0	0	34.38858	73.30011	2200	0	0	10.25604291	PAK	SA
Aa4405_3	0	0	0	0	0	0	0	0	0	0	0	0	0	1	0	0	0	0	0	0	0	0	34.38858	73.30011	2200	0	0	10.23628933	PAK	SA
Aa4405_4	0	0	0	0	0	0	0	0	0	0	0	0	0	1	0	0	0	0	0	0	0	0	34.38858	73.30011	2200	0	0	10.21432715	PAK	SA
Aa4405_5	0	0	0	0	0	0	0	0	0	0	0	0	0	1	0	0	0	0	0	0	0	0	34.38858	73.30011	2200	0	0	10.21382983	PAK	SA
Aa4405_6	0	0	0	0	0	0	0	0	0	0	0	0	0	1	0	0	0	0	0	0	0	0	34.38858	73.30011	2200	0	0	10.14141738	PAK	SA
Aa4405_7	0	0	0	0	0	0	0	0	0	0	0	0	0	1	0	0	0	0	0	0	0	0	34.38858	73.30011	2200	0	0	10.11928598	PAK	SA
Aa4405_8	0	0	0	0	0	0	0	0	0	0	0	0	0	1	0	0	0	0	0	0	0	0	34.38858	73.30011	2200	0	1	10.1073873	PAK	SA
Aa4406_1	0	0	0	0	0	0	0	0	0	0	0	0	0	1	0	0	0	0	0	0	0	0	34.38966	73.56962	2400	0	1	10.07572506	PAK	SA
Aa4406_2	0	0	0	0	0	0	0	0	0	0	0	0	0	1	0	0	0	0	0	0	0	0	34.38966	73.56962	2400	0	0	10.03206523	PAK	SA
Aa4406_3	0	0	0	0	0	0	0	0	0	0	0	0	0	1	0	0	0	0	0	0	0	0	34.38966	73.56962	2400	0	0	10.01899573	PAK	SA
Aa4406_4	0	0	0	0	0	0	0	0	0	0	0	0	0	1	0	0	0	0	0	0	0	0	34.38966	73.56962	2400	0	0	9.993541579	PAK	SA
Aa4406_5	0	0	0	0	0	0	0	0	0	0	0	0	0	1	0	0	0	0	0	0	0	0	34.38966	73.56962	2400	0	1	9.966608677	PAK	SA
Aa4406_6	0	0	0	0	0	0	0	0	0	0	0	0	0	1	0	0	0	0	0	0	0	0	34.38966	73.56962	2400	0	0	9.930283887	PAK	SA
Aa4406_7	0	0	0	0	0	0	0	0	0	0	0	0	0	1	0	0	0	0	0	0	0	0	34.38966	73.56962	2400	0	1	9.908208152	PAK	SA
Aa4406_8	0	0	0	0	0	0	0	0	0	0	0	0	0	1	0	0	0	0	0	0	0	0	34.38966	73.56962	2400	0	1	9.864894317	PAK	SA
Aa4437_1	0	0	0	0	0	0	0	0	0	0	0	0	1	0	0	0	0	0	0	0	0	0	46.7667	10.5333	1510	2	2	9.838919395	ITL	SCE
Aa4437_2	0	0	0	0	0	0	0	0	0	0	0	0	1	0	0	0	0	0	0	0	0	0	46.7667	10.5333	1510	1	0	9.814996533	ITL	SCE
Aa4437_3	0	0	0	0	0	0	0	0	0	0	0	0	1	0	0	0	0	0	0	0	0	0	46.7667	10.5333	1510	2	0	9.808027601	ITL	SCE
Aa4437_4	0	0	0	0	0	0	0	0	0	0	0	0	1	0	0	0	0	0	0	0	0	0	46.7667	10.5333	1510	2	0	9.773012973	ITL	SCE
Aa4437_5	0	0	0	0	0	0	0	0	0	0	0	0	1	0	0	0	0	0	0	0	0	0	46.7667	10.5333	1510	1	0	9.728666305	ITL	SCE
Aa4437_6	0	0	0	0	0	0	0	0	0	0	0	0	1	0	0	0	0	0	0	0	0	0	46.7667	10.5333	1510	0	1	9.716444941	ITL	SCE
Aa4437_7	0	0	0	0	0	0	0	0	0	0	0	0	1	0	0	0	0	0	0	0	0	0	46.7667	10.5333	1510	1	0	9.706790654	ITL	SCE
Aa4437_8	0	0	0	0	0	0	0	0	0	0	0	0	1	0	0	0	0	0	0	0	0	0	46.7667	10.5333	1510	0	0	9.669645765	ITL	SCE
Aa4438_1	0	0	0	0	0	0	0	0	0	0	0	0	1	0	0	0	0	0	0	0	0	0	46.1	12.9	100	1	1	9.662869423	ITL	SCE
Aa4438_2	0	0	0	0	0	0	0	0	0	0	0	0	1	0	0	0	0	0	0	0	0	0	46.1	12.9	100	0	0	9.639319642	ITL	SCE
Aa4438_3	0	0	0	0	0	0	0	0	0	0	0	0	1	0	0	0	0	0	0	0	0	0	46.1	12.9	100	0	0	9.627355117	ITL	SCE
Aa4438_4	0	0	0	0	0	0	0	0	0	0	0	0	1	0	0	0	0	0	0	0	0	0	46.1	12.9	100	1	0	9.596224828	ITL	SCE
Aa4438_5	0	0	0	0	0	0	0	0	0	0	0	0	1	0	0	0	0	0	0	0	0	0	46.1	12.9	100	0	0	9.554159936	ITL	SCE
Aa4438_6	0	0	0	0	0	0	0	0	0	0	0	0	1	0	0	0	0	0	0	0	0	0	46.1	12.9	100	2	1	9.522658092	ITL	SCE
Aa4438_7	0	0	0	0	0	0	0	0	0	0	0	0	1	0	0	0	0	0	0	0	0	0	46.1	12.9	100	1	0	9.494292445	ITL	SCE
Aa4438_8	0	0	0	0	0	0	0	0	0	0	0	0	1	0	0	0	0	0	0	0	0	0	46.1	12.9	100	1	1	9.466805249	ITL	SCE
Aa4439_1	0	0	0	0	0	0	0	0	0	0	0	0	1	0	0	0	0	0	0	0	0	0	46.15	12.6	980	0	0	9.453066623	ITL	SCE
Aa4439_2	0	0	0	0	0	0	0	0	0	0	0	0	1	0	0	0	0	0	0	0	0	0	46.15	12.6	980	1	0	9.449746092	ITL	SCE
Aa4439_3	0	0	0	0	0	0	0	0	0	0	0	0	1	0	0	0	0	0	0	0	0	0	46.15	12.6	980	0	0	9.397288417	ITL	SCE
Aa4439_4	0	0	0	0	0	0	0	0	0	0	0	0	1	0	0	0	0	0	0	0	0	0	46.15	12.6	980	0	0	9.382752132	ITL	SCE
Aa4439_5	0	0	0	0	0	0	0	0	0	0	0	0	1	0	0	0	0	0	0	0	0	0	46.15	12.6	980	0	0	9.337449573	ITL	SCE
Aa4439_6	0	0	0	0	0	0	0	0	0	0	0	0	1	0	0	0	0	0	0	0	0	0	46.15	12.6	980	0	0	9.311848024	ITL	SCE
Aa4439_7	0	0	0	0	0	0	0	0	0	0	0	0	1	0	0	0	0	0	0	0	0	0	46.15	12.6	980	0	0	9.276344595	ITL	SCE
Aa4439_8	0	0	0	0	0	0	0	0	0	0	0	0	1	0	0	0	0	0	0	0	0	0	46.15	12.6	980	0	0	9.264747478	ITL	SCE
Aa4441_1	0	0	0	0	0	0	0	0	0	0	0	0	1	0	0	0	0	0	0	0	0	0	46.3333	12.5833	930	2	0	9.244485936	ITL	SCE
Aa4441_2	0	0	0	0	0	0	0	0	0	0	0	0	1	0	0	0	0	0	0	0	0	0	46.3333	12.5833	930	1	1	9.213701038	ITL	SCE
Aa4441_3	0	0	0	0	0	0	0	0	0	0	0	0	1	0	0	0	0	0	0	0	0	0	46.3333	12.5833	930	1	0	9.170961199	ITL	SCE
Aa4441_4	0	0	0	0	0	0	0	0	0	0	0	0	1	0	0	0	0	0	0	0	0	0	46.3333	12.5833	930	1	0	9.163349509	ITL	SCE
Aa4441_5	0	0	0	0	0	0	0	0	0	0	0	0	1	0	0	0	0	0	0	0	0	0	46.3333	12.5833	930	2	0	9.137779331	ITL	SCE
Aa4441_6	0	0	0	0	0	0	0	0	0	0	0	0	1	0	0	0	0	0	0	0	0	0	46.3333	12.5833	930	2	1	9.133625085	ITL	SCE
Aa4441_7	0	0	0	0	0	0	0	0	0	0	0	0	1	0	0	0	0	0	0	0	0	0	46.3333	12.5833	930	1	0	9.102248059	ITL	SCE
Aa4441_8	0	0	0	0	0	0	0	0	0	0	0	0	1	0	0	0	0	0	0	0	0	0	46.3333	12.5833	930	1	0	9.064608123	ITL	SCE
Aa4442_1	0	0	0	0	0	0	0	0	0	0	0	0	1	0	0	0	0	0	0	0	0	0	45.85	13.5	100	0	0	9.024705116	ITL	SCE
Aa4442_2	0	0	0	0	0	0	0	0	0	0	0	0	1	0	0	0	0	0	0	0	0	0	45.85	13.5	100	0	0	9.018513161	ITL	SCE
Aa4442_3	0	0	0	0	0	0	0	0	0	0	0	0	1	0	0	0	0	0	0	0	0	0	45.85	13.5	100	2	0	9.016386013	ITL	SCE
Aa4442_4	0	0	0	0	0	0	0	0	0	0	0	0	1	0	0	0	0	0	0	0	0	0	45.85	13.5	100	0	0	8.966427232	ITL	SCE
Aa4442_5	0	0	0	0	0	0	0	0	0	0	0	0	1	0	0	0	0	0	0	0	0	0	45.85	13.5	100	1	0	8.956780507	ITL	SCE
Aa4442_6	0	0	0	0	0	0	0	0	0	0	0	0	1	0	0	0	0	0	0	0	0	0	45.85	13.5	100	2	0	8.919689926	ITL	SCE
Aa4442_7	0	0	0	0	0	0	0	0	0	0	0	0	1	0	0	0	0	0	0	0	0	0	45.85	13.5	100	0	0	8.904890345	ITL	SCE
Aa4442_8	0	0	0	0	0	0	0	0	0	0	0	0	1	0	0	0	0	0	0	0	0	0	45.85	13.5	100	0	0	8.884978966	ITL	SCE
Aa4443_1	0	0	0	0	0	0	0	0	0	0	0	0	1	0	0	0	0	0	0	0	0	0	45.85	13.5167	150	1	1	8.854129862	ITL	SCE
Aa4443_2	0	0	0	0	0	0	0	0	0	0	0	0	1	0	0	0	0	0	0	0	0	0	45.85	13.5167	150	0	0	8.841251841	ITL	SCE
Aa4443_4	0	0	0	0	0	0	0	0	0	0	0	0	1	0	0	0	0	0	0	0	0	0	45.85	13.5167	150	1	0	8.82045878	ITL	SCE
Aa4443_5	0	0	0	0	0	0	0	0	0	0	0	0	1	0	0	0	0	0	0	0	0	0	45.85	13.5167	150	0	1	8.787232718	ITL	SCE
Aa4443_6	0	0	0	0	0	0	0	0	0	0	0	0	1	0	0	0	0	0	0	0	0	0	45.85	13.5167	150	0	0	8.757472244	ITL	SCE
Aa4443_7	0	0	0	0	0	0	0	0	0	0	0	0	1	0	0	0	0	0	0	0	0	0	45.85	13.5167	150	0	1	8.7367628	ITL	SCE
Aa4443_8	0	0	0	0	0	0	0	0	0	0	0	0	1	0	0	0	0	0	0	0	0	0	45.85	13.5167	150	0	1	8.729651038	ITL	SCE
Aa4444_1	0	0	0	0	0	0	0	0	0	0	0	0	1	0	0	0	0	0	0	0	0	0	46.0167	12.4833	100	0	2	8.698373794	ITL	SCE
Aa4444_2	0	0	0	0	0	0	0	0	0	0	0	0	1	0	0	0	0	0	0	0	0	0	46.0167	12.4833	100	0	1	8.67146261	ITL	SCE
Aa4444_3	0	0	0	0	0	0	0	0	0	0	0	0	1	0	0	0	0	0	0	0	0	0	46.0167	12.4833	100	0	2	8.65946801	ITL	SCE
Aa4444_4	0	0	0	0	0	0	0	0	0	0	0	0	1	0	0	0	0	0	0	0	0	0	46.0167	12.4833	100	0	1	8.636971892	ITL	SCE
Aa4444_5	0	0	0	0	0	0	0	0	0	0	0	0	1	0	0	0	0	0	0	0	0	0	46.0167	12.4833	100	0	1	8.624209131	ITL	SCE
Aa4444_6	0	0	0	0	0	0	0	0	0	0	0	0	1	0	0	0	0	0	0	0	0	0	46.0167	12.4833	100	0	0	8.598980408	ITL	SCE
Aa4444_7	0	0	0	0	0	0	0	0	0	0	0	0	1	0	0	0	0	0	0	0	0	0	46.0167	12.4833	100	0	2	8.576354647	ITL	SCE
Aa4444_8	0	0	0	0	0	0	0	0	0	0	0	0	1	0	0	0	0	0	0	0	0	0	46.0167	12.4833	100	0	0	8.53933105	ITL	SCE
Aa4445_1	0	0	0	0	0	0	0	0	0	0	0	0	1	0	0	0	0	0	0	0	0	0	46.05	12.8	150	0	0	8.532444149	ITL	SCE
Aa4445_2	0	0	0	0	0	0	0	0	0	0	0	0	1	0	0	0	0	0	0	0	0	0	46.05	12.8	150	0	0	8.503298616	ITL	SCE
Aa4445_3	0	0	0	0	0	0	0	0	0	0	0	0	1	0	0	0	0	0	0	0	0	0	46.05	12.8	150	0	0	8.493425671	ITL	SCE
Aa4445_4	0	0	0	0	0	0	0	0	0	0	0	0	1	0	0	0	0	0	0	0	0	0	46.05	12.8	150	0	0	8.448160326	ITL	SCE
Aa4445_5	0	0	0	0	0	0	0	0	0	0	0	0	1	0	0	0	0	0	0	0	0	0	46.05	12.8	150	0	0	8.424721997	ITL	SCE
Aa4445_6	0	0	0	0	0	0	0	0	0	0	0	0	1	0	0	0	0	0	0	0	0	0	46.05	12.8	150	0	0	8.419516717	ITL	SCE
Aa4445_7	0	0	0	0	0	0	0	0	0	0	0	0	1	0	0	0	0	0	0	0	0	0	46.05	12.8	150	0	0	8.389505069	ITL	SCE
Aa4445_8	0	0	0	0	0	0	0	0	0	0	0	0	1	0	0	0	0	0	0	0	0	0	46.05	12.8	150	0	0	8.353210299	ITL	SCE
Aa4446_1	0	0	0	0	0	0	0	0	0	0	0	0	1	0	0	0	0	0	0	0	0	0	45.8333	12.8	100	1	1	8.335152661	ITL	SCE
Aa4446_2	0	0	0	0	0	0	0	0	0	0	0	0	1	0	0	0	0	0	0	0	0	0	45.8333	12.8	100	0	0	8.306305809	ITL	SCE
Aa4446_3	0	0	0	0	0	0	0	0	0	0	0	0	1	0	0	0	0	0	0	0	0	0	45.8333	12.8	100	0	0	8.29809632	ITL	SCE
Aa4446_4	0	0	0	0	0	0	0	0	0	0	0	0	1	0	0	0	0	0	0	0	0	0	45.8333	12.8	100	1	0	8.282066205	ITL	SCE
Aa4446_5	0	0	0	0	0	0	0	0	0	0	0	0	1	0	0	0	0	0	0	0	0	0	45.8333	12.8	100	0	1	8.236140875	ITL	SCE
Aa4446_6	0	0	0	0	0	0	0	0	0	0	0	0	1	0	0	0	0	0	0	0	0	0	45.8333	12.8	100	0	0	8.221100574	ITL	SCE
Aa4446_7	0	0	0	0	0	0	0	0	0	0	0	0	1	0	0	0	0	0	0	0	0	0	45.8333	12.8	100	1	1	8.189988652	ITL	SCE
Aa4446_8	0	0	0	0	0	0	0	0	0	0	0	0	1	0	0	0	0	0	0	0	0	0	45.8333	12.8	100	1	1	8.170426409	ITL	SCE
Aa4447_1	0	0	0	0	0	0	0	0	0	0	0	0	1	0	0	0	0	0	0	0	0	0	45.7333	13.4333	15	0	1	8.15598834	ITL	SCE
Aa4447_2	0	0	0	0	0	0	0	0	0	0	0	0	1	0	0	0	0	0	0	0	0	0	45.7333	13.4333	15	0	0	8.141392133	ITL	SCE
Aa4447_4	0	0	0	0	0	0	0	0	0	0	0	0	1	0	0	0	0	0	0	0	0	0	45.7333	13.4333	15	0	0	8.097757115	ITL	SCE
Aa4447_5	0	0	0	0	0	0	0	0	0	0	0	0	1	0	0	0	0	0	0	0	0	0	45.7333	13.4333	15	0	0	8.094886075	ITL	SCE
Aa4447_6	0	0	0	0	0	0	0	0	0	0	0	0	1	0	0	0	0	0	0	0	0	0	45.7333	13.4333	15	0	1	8.062001116	ITL	SCE
Aa4447_7	0	0	0	0	0	0	0	0	0	0	0	0	1	0	0	0	0	0	0	0	0	0	45.7333	13.4333	15	0	1	8.036941698	ITL	SCE
Aa4447_8	0	0	0	0	0	0	0	0	0	0	0	0	1	0	0	0	0	0	0	0	0	0	45.7333	13.4333	15	0	1	8.019823926	ITL	SCE
Aa4448_1	0	0	0	0	0	0	0	0	0	0	0	0	1	0	0	0	0	0	0	0	0	0	45.7667	13	50	1	0	7.999930986	ITL	SCE
Aa4448_2	0	0	0	0	0	0	0	0	0	0	0	0	1	0	0	0	0	0	0	0	0	0	45.7667	13	50	0	0	7.945338445	ITL	SCE
Aa4448_3	0	0	0	0	0	0	0	0	0	0	0	0	1	0	0	0	0	0	0	0	0	0	45.7667	13	50	0	1	7.934831812	ITL	SCE
Aa4448_4	0	0	0	0	0	0	0	0	0	0	0	0	1	0	0	0	0	0	0	0	0	0	45.7667	13	50	0	0	7.914754171	ITL	SCE
Aa4448_5	0	0	0	0	0	0	0	0	0	0	0	0	1	0	0	0	0	0	0	0	0	0	45.7667	13	50	0	0	7.899217967	ITL	SCE
Aa4448_6	0	0	0	0	0	0	0	0	0	0	0	0	1	0	0	0	0	0	0	0	0	0	45.7667	13	50	0	1	7.870094334	ITL	SCE
Aa4448_7	0	0	0	0	0	0	0	0	0	0	0	0	1	0	0	0	0	0	0	0	0	0	45.7667	13	50	0	0	7.840015535	ITL	SCE
Aa4448_8	0	0	0	0	0	0	0	0	0	0	0	0	1	0	0	0	0	0	0	0	0	0	45.7667	13	50	0	0	7.822891309	ITL	SCE
Aa4449_1	0	0	0	0	0	0	0	0	0	0	0	0	1	0	0	0	0	0	0	0	0	0	46.5	13.3667	700	1	2	7.816813256	ITL	SCE
Aa4449_2	0	0	0	0	0	0	0	0	0	0	0	0	1	0	0	0	0	0	0	0	0	0	46.5	13.3667	700	2	1	7.779474342	ITL	SCE
Aa4449_3	0	0	0	0	0	0	0	0	0	0	0	0	1	0	0	0	0	0	0	0	0	0	46.5	13.3667	700	1	1	7.772591655	ITL	SCE
Aa4449_4	0	0	0	0	0	0	0	0	0	0	0	0	1	0	0	0	0	0	0	0	0	0	46.5	13.3667	700	1	1	7.761913038	ITL	SCE
Aa4449_5	0	0	0	0	0	0	0	0	0	0	0	0	1	0	0	0	0	0	0	0	0	0	46.5	13.3667	700	2	0	7.738386849	ITL	SCE
Aa4449_6	0	0	0	0	0	0	0	0	0	0	0	0	1	0	0	0	0	0	0	0	0	0	46.5	13.3667	700	0	1	7.714891848	ITL	SCE
Aa4449_7	0	0	0	0	0	0	0	0	0	0	0	0	1	0	0	0	0	0	0	0	0	0	46.5	13.3667	700	2	2	7.683976097	ITL	SCE
Aa4449_8	0	0	0	0	0	0	0	0	0	0	0	0	1	0	0	0	0	0	0	0	0	0	46.5	13.3667	700	1	2	7.638972667	ITL	SCE
Aa4450_1	0	0	0	0	0	0	0	0	0	0	0	0	1	0	0	0	0	0	0	0	0	0	46.5333	13.45	1200	2	0	7.636665097	ITL	SCE
Aa4450_2	0	0	0	0	0	0	0	0	0	0	0	0	1	0	0	0	0	0	0	0	0	0	46.5333	13.45	1200	0	1	7.600253201	ITL	SCE
Aa4450_3	0	0	0	0	0	0	0	0	0	0	0	0	1	0	0	0	0	0	0	0	0	0	46.5333	13.45	1200	1	1	7.592620489	ITL	SCE
Aa4450_4	0	0	0	0	0	0	0	0	0	0	0	0	1	0	0	0	0	0	0	0	0	0	46.5333	13.45	1200	0	0	7.566391566	ITL	SCE
Aa4450_5	0	0	0	0	0	0	0	0	0	0	0	0	1	0	0	0	0	0	0	0	0	0	46.5333	13.45	1200	2	0	7.536456163	ITL	SCE
Aa4450_6	0	0	0	0	0	0	0	0	0	0	0	0	1	0	0	0	0	0	0	0	0	0	46.5333	13.45	1200	1	0	7.517568759	ITL	SCE
Aa4450_7	0	0	0	0	0	0	0	0	0	0	0	0	1	0	0	0	0	0	0	0	0	0	46.5333	13.45	1200	2	1	7.489560593	ITL	SCE
Aa4450_8	0	0	0	0	0	0	0	0	0	0	0	0	1	0	0	0	0	0	0	0	0	0	46.5333	13.45	1200	2	0	7.457059351	ITL	SCE
Aa4451_1	0	0	0	0	0	0	0	0	0	0	0	0	1	0	0	0	0	0	0	0	0	0	46.5	13.6	800	1	0	7.438213816	ITL	SCE
Aa4451_3	0	0	0	0	0	0	0	0	0	0	0	0	1	0	0	0	0	0	0	0	0	0	46.5	13.6	800	2	0	7.43439494	ITL	SCE
Aa4451_4	0	0	0	0	0	0	0	0	0	0	0	0	1	0	0	0	0	0	0	0	0	0	46.5	13.6	800	1	0	7.420388332	ITL	SCE
Aa4451_5	0	0	0	0	0	0	0	0	0	0	0	0	1	0	0	0	0	0	0	0	0	0	46.5	13.6	800	2	0	7.406574834	ITL	SCE
Aa4451_7	0	0	0	0	0	0	0	0	0	0	0	0	1	0	0	0	0	0	0	0	0	0	46.5	13.6	800	2	1	7.385930862	ITL	SCE
Aa4451_8	0	0	0	0	0	0	0	0	0	0	0	0	1	0	0	0	0	0	0	0	0	0	46.5	13.6	800	2	0	7.364055398	ITL	SCE
Aa4452_1	0	0	0	0	0	0	0	0	0	0	0	0	1	0	0	0	0	0	0	0	0	0	46.55	13.1667	1550	0	1	7.335390171	ITL	SCE
Aa4452_2	0	0	0	0	0	0	0	0	0	0	0	0	1	0	0	0	0	0	0	0	0	0	46.55	13.1667	1550	0	1	7.31861909	ITL	SCE
Aa4452_3	0	0	0	0	0	0	0	0	0	0	0	0	1	0	0	0	0	0	0	0	0	0	46.55	13.1667	1550	0	0	7.305055132	ITL	SCE
Aa4452_4	0	0	0	0	0	0	0	0	0	0	0	0	1	0	0	0	0	0	0	0	0	0	46.55	13.1667	1550	1	2	7.297309831	ITL	SCE
Aa4452_5	0	0	0	0	0	0	0	0	0	0	0	0	1	0	0	0	0	0	0	0	0	0	46.55	13.1667	1550	2	1	7.253398159	ITL	SCE
Aa4452_6	0	0	0	0	0	0	0	0	0	0	0	0	1	0	0	0	0	0	0	0	0	0	46.55	13.1667	1550	2	0	7.245286367	ITL	SCE
Aa4452_7	0	0	0	0	0	0	0	0	0	0	0	0	1	0	0	0	0	0	0	0	0	0	46.55	13.1667	1550	1	1	7.220885198	ITL	SCE
Aa4452_8	0	0	0	0	0	0	0	0	0	0	0	0	1	0	0	0	0	0	0	0	0	0	46.55	13.1667	1550	2	2	7.195944505	ITL	SCE
Aa4453_1	0	0	0	0	0	0	0	0	0	0	0	0	1	0	0	0	0	0	0	0	0	0	46.5667	13.1	1050	0	2	7.176695469	ITL	SCE
Aa4453_2	0	0	0	0	0	0	0	0	0	0	0	0	1	0	0	0	0	0	0	0	0	0	46.5667	13.1	1050	0	1	7.135772949	ITL	SCE
Aa4453_3	0	0	0	0	0	0	0	0	0	0	0	0	1	0	0	0	0	0	0	0	0	0	46.5667	13.1	1050	0	0	7.118528454	ITL	SCE
Aa4453_4	0	0	0	0	0	0	0	0	0	0	0	0	1	0	0	0	0	0	0	0	0	0	46.5667	13.1	1050	1	1	7.072965494	ITL	SCE
Aa4453_5	0	0	0	0	0	0	0	0	0	0	0	0	1	0	0	0	0	0	0	0	0	0	46.5667	13.1	1050	0	1	7.054438439	ITL	SCE
Aa4453_6	0	0	0	0	0	0	0	0	0	0	0	0	1	0	0	0	0	0	0	0	0	0	46.5667	13.1	1050	1	0	7.04064472	ITL	SCE
Aa4453_7	0	0	0	0	0	0	0	0	0	0	0	0	1	0	0	0	0	0	0	0	0	0	46.5667	13.1	1050	2	1	7.019183473	ITL	SCE
Aa4453_8	0	0	0	0	0	0	0	0	0	0	0	0	1	0	0	0	0	0	0	0	0	0	46.5667	13.1	1050	0	1	6.995958833	ITL	SCE
Aa4454_1	0	0	0	0	0	0	0	0	0	0	0	0	1	0	0	0	0	0	0	0	0	0	46.5	13.1167	700	1	0	6.969056143	ITL	SCE
Aa4454_2	0	0	0	0	0	0	0	0	0	0	0	0	1	0	0	0	0	0	0	0	0	0	46.5	13.1167	700	1	0	6.953277341	ITL	SCE
Aa4454_3	0	0	0	0	0	0	0	0	0	0	0	0	1	0	0	0	0	0	0	0	0	0	46.5	13.1167	700	2	1	6.935000707	ITL	SCE
Aa4454_4	0	0	0	0	0	0	0	0	0	0	0	0	1	0	0	0	0	0	0	0	0	0	46.5	13.1167	700	2	0	6.911201504	ITL	SCE
Aa4454_5	0	0	0	0	0	0	0	0	0	0	0	0	1	0	0	0	0	0	0	0	0	0	46.5	13.1167	700	0	0	6.90170369	ITL	SCE
Aa4454_6	0	0	0	0	0	0	0	0	0	0	0	0	1	0	0	0	0	0	0	0	0	0	46.5	13.1167	700	2	0	6.875370766	ITL	SCE
Aa4454_7	0	0	0	0	0	0	0	0	0	0	0	0	1	0	0	0	0	0	0	0	0	0	46.5	13.1167	700	2	0	6.850673268	ITL	SCE
Aa4454_8	0	0	0	0	0	0	0	0	0	0	0	0	1	0	0	0	0	0	0	0	0	0	46.5	13.1167	700	2	1	6.81932065	ITL	SCE
Aa4456_1	0	0	0	0	0	0	0	0	0	0	0	0	1	0	0	0	0	0	0	0	0	0	45.85	12.8	50	1	2	6.795463155	ITL	SCE
Aa4456_2	0	0	0	0	0	0	0	0	0	0	0	0	1	0	0	0	0	0	0	0	0	0	45.85	12.8	50	1	0	6.785906107	ITL	SCE
Aa4456_3	0	0	0	0	0	0	0	0	0	0	0	0	1	0	0	0	0	0	0	0	0	0	45.85	12.8	50	0	0	6.77245737	ITL	SCE
Aa4456_4	0	0	0	0	0	0	0	0	0	0	0	0	1	0	0	0	0	0	0	0	0	0	45.85	12.8	50	0	0	6.741936948	ITL	SCE
Aa4456_5	0	0	0	0	0	0	0	0	0	0	0	0	1	0	0	0	0	0	0	0	0	0	45.85	12.8	50	0	0	6.724583456	ITL	SCE
Aa4456_6	0	0	0	0	0	0	0	0	0	0	0	0	1	0	0	0	0	0	0	0	0	0	45.85	12.8	50	1	0	6.7093978	ITL	SCE
Aa4456_7	0	0	0	0	0	0	0	0	0	0	0	0	1	0	0	0	0	0	0	0	0	0	45.85	12.8	50	0	0	6.661240289	ITL	SCE
Aa4456_8	0	0	0	0	0	0	0	0	0	0	0	0	1	0	0	0	0	0	0	0	0	0	45.85	12.8	50	0	0	6.647946885	ITL	SCE
Aa4479_1	0	0	0	0	0	1	0	0	0	0	0	0	0	0	0	0	0	0	0	0	0	0	42.7275	-0.2763	1260	1	0	6.630614731	ESP	SWE
Aa4479_2	0	0	0	0	0	1	0	0	0	0	0	0	0	0	0	0	0	0	0	0	0	0	42.7275	-0.2763	1260	1	0	6.616629168	ESP	SWE
Aa4479_3	0	0	0	0	0	1	0	0	0	0	0	0	0	0	0	0	0	0	0	0	0	0	42.7275	-0.2763	1260	0	0	6.604683066	ESP	SWE
Aa4479_4	0	0	0	0	0	1	0	0	0	0	0	0	0	0	0	0	0	0	0	0	0	0	42.7275	-0.2763	1260	1	0	6.576207338	ESP	SWE
Aa4479_5	0	0	0	0	0	1	0	0	0	0	0	0	0	0	0	0	0	0	0	0	0	0	42.7275	-0.2763	1260	1	0	6.54948644	ESP	SWE
Aa4479_6	0	0	0	0	0	1	0	0	0	0	0	0	0	0	0	0	0	0	0	0	0	0	42.7275	-0.2763	1260	1	0	6.506361369	ESP	SWE
Aa4479_7	0	0	0	0	0	1	0	0	0	0	0	0	0	0	0	0	0	0	0	0	0	0	42.7275	-0.2763	1260	1	0	6.473839364	ESP	SWE
Aa4479_8	0	0	0	0	0	1	0	0	0	0	0	0	0	0	0	0	0	0	0	0	0	0	42.7275	-0.2763	1260	0	0	6.464756236	ESP	SWE
Aa4480_1	0	0	0	0	0	1	0	0	0	0	0	0	0	0	0	0	0	0	0	0	0	0	42.7211	-0.3015	1092	2	0	6.431039408	ESP	SWE
Aa4480_2	0	0	0	0	0	1	0	0	0	0	0	0	0	0	0	0	0	0	0	0	0	0	42.7211	-0.3015	1092	2	0	6.428099957	ESP	SWE
Aa4480_3	0	0	0	0	0	1	0	0	0	0	0	0	0	0	0	0	0	0	0	0	0	0	42.7211	-0.3015	1092	2	0	6.40926124	ESP	SWE
Aa4480_4	0	0	0	0	0	1	0	0	0	0	0	0	0	0	0	0	0	0	0	0	0	0	42.7211	-0.3015	1092	0	0	6.39123005	ESP	SWE
Aa4480_5	0	0	0	0	0	1	0	0	0	0	0	0	0	0	0	0	0	0	0	0	0	0	42.7211	-0.3015	1092	2	0	6.378089274	ESP	SWE
Aa4480_6	0	0	0	0	0	1	0	0	0	0	0	0	0	0	0	0	0	0	0	0	0	0	42.7211	-0.3015	1092	2	0	6.341377946	ESP	SWE
Aa4480_7	0	0	0	0	0	1	0	0	0	0	0	0	0	0	0	0	0	0	0	0	0	0	42.7211	-0.3015	1092	2	0	6.336265566	ESP	SWE
Aa4480_8	0	0	0	0	0	1	0	0	0	0	0	0	0	0	0	0	0	0	0	0	0	0	42.7211	-0.3015	1092	1	1	6.31739283	ESP	SWE
Aa4482_1	0	0	0	0	0	0	0	1	0	0	0	0	0	0	0	0	0	0	0	0	0	0	42.9297	-0.6515	944	0	0	6.289756428	FRA	SWE
Aa4482_2	0	0	0	0	0	0	0	1	0	0	0	0	0	0	0	0	0	0	0	0	0	0	42.9297	-0.6515	944	1	0	6.274145272	FRA	SWE
Aa4482_3	0	0	0	0	0	0	0	1	0	0	0	0	0	0	0	0	0	0	0	0	0	0	42.9297	-0.6515	944	0	1	6.248602788	FRA	SWE
Aa4482_4	0	0	0	0	0	0	0	1	0	0	0	0	0	0	0	0	0	0	0	0	0	0	42.9297	-0.6515	944	0	0	6.221034498	FRA	SWE
Aa4482_5	0	0	0	0	0	0	0	1	0	0	0	0	0	0	0	0	0	0	0	0	0	0	42.9297	-0.6515	944	1	0	6.193644536	FRA	SWE
Aa4482_6	0	0	0	0	0	0	0	1	0	0	0	0	0	0	0	0	0	0	0	0	0	0	42.9297	-0.6515	944	1	0	6.171776798	FRA	SWE
Aa4482_7	0	0	0	0	0	0	0	1	0	0	0	0	0	0	0	0	0	0	0	0	0	0	42.9297	-0.6515	944	1	0	6.168278526	FRA	SWE
Aa4482_8	0	0	0	0	0	0	0	1	0	0	0	0	0	0	0	0	0	0	0	0	0	0	42.9297	-0.6515	944	1	0	6.126385361	FRA	SWE
Aa4483_1	0	0	0	0	0	1	0	0	0	0	0	0	0	0	0	0	0	0	0	0	0	0	42.7709	-0.8759	1031	1	0	6.118906956	ESP	SWE
Aa4483_2	0	0	0	0	0	1	0	0	0	0	0	0	0	0	0	0	0	0	0	0	0	0	42.7709	-0.8759	1031	1	0	6.087585288	ESP	SWE
Aa4483_3	0	0	0	0	0	1	0	0	0	0	0	0	0	0	0	0	0	0	0	0	0	0	42.7709	-0.8759	1031	1	0	6.052474345	ESP	SWE
Aa4483_4	0	0	0	0	0	1	0	0	0	0	0	0	0	0	0	0	0	0	0	0	0	0	42.7709	-0.8759	1031	2	1	6.018964726	ESP	SWE
Aa4483_5	0	0	0	0	0	1	0	0	0	0	0	0	0	0	0	0	0	0	0	0	0	0	42.7709	-0.8759	1031	1	2	6.006582422	ESP	SWE
Aa4483_6	0	0	0	0	0	1	0	0	0	0	0	0	0	0	0	0	0	0	0	0	0	0	42.7709	-0.8759	1031	2	1	5.994440305	ESP	SWE
Aa4483_7	0	0	0	0	0	1	0	0	0	0	0	0	0	0	0	0	0	0	0	0	0	0	42.7709	-0.8759	1031	1	0	5.978406709	ESP	SWE
Aa4483_8	0	0	0	0	0	1	0	0	0	0	0	0	0	0	0	0	0	0	0	0	0	0	42.7709	-0.8759	1031	1	1	5.966620048	ESP	SWE
Aa4487_1	0	0	0	0	0	1	0	0	0	0	0	0	0	0	0	0	0	0	0	0	0	0	42.7281	-0.5959	1370	2	0	5.937038192	ESP	SWE
Aa4487_2	0	0	0	0	0	1	0	0	0	0	0	0	0	0	0	0	0	0	0	0	0	0	42.7281	-0.5959	1370	2	0	5.921803527	ESP	SWE
Aa4487_3	0	0	0	0	0	1	0	0	0	0	0	0	0	0	0	0	0	0	0	0	0	0	42.7281	-0.5959	1370	1	0	5.893591392	ESP	SWE
Aa4487_4	0	0	0	0	0	1	0	0	0	0	0	0	0	0	0	0	0	0	0	0	0	0	42.7281	-0.5959	1370	0	0	5.884803289	ESP	SWE
Aa4487_5	0	0	0	0	0	1	0	0	0	0	0	0	0	0	0	0	0	0	0	0	0	0	42.7281	-0.5959	1370	0	0	5.866908528	ESP	SWE
Aa4487_6	0	0	0	0	0	1	0	0	0	0	0	0	0	0	0	0	0	0	0	0	0	0	42.7281	-0.5959	1370	1	2	5.86057243	ESP	SWE
Aa4487_7	0	0	0	0	0	1	0	0	0	0	0	0	0	0	0	0	0	0	0	0	0	0	42.7281	-0.5959	1370	2	0	5.836162689	ESP	SWE
Aa4487_8	0	0	0	0	0	1	0	0	0	0	0	0	0	0	0	0	0	0	0	0	0	0	42.7281	-0.5959	1370	2	0	5.826329357	ESP	SWE
Aa4515_1	0	0	0	0	0	1	0	0	0	0	0	0	0	0	0	0	0	0	0	0	0	0	43.3277	-4.8786	347	1	1	5.792262624	ESP	SWE
Aa4515_2	0	0	0	0	0	1	0	0	0	0	0	0	0	0	0	0	0	0	0	0	0	0	43.3277	-4.8786	347	1	1	5.773143568	ESP	SWE
Aa4515_3	0	0	0	0	0	1	0	0	0	0	0	0	0	0	0	0	0	0	0	0	0	0	43.3277	-4.8786	347	0	0	5.758585433	ESP	SWE
Aa4515_4	0	0	0	0	0	1	0	0	0	0	0	0	0	0	0	0	0	0	0	0	0	0	43.3277	-4.8786	347	0	0	5.692028236	ESP	SWE
Aa4515_5	0	0	0	0	0	1	0	0	0	0	0	0	0	0	0	0	0	0	0	0	0	0	43.3277	-4.8786	347	0	0	5.664281777	ESP	SWE
Aa4515_6	0	0	0	0	0	1	0	0	0	0	0	0	0	0	0	0	0	0	0	0	0	0	43.3277	-4.8786	347	1	0	5.654780023	ESP	SWE
Aa4515_7	0	0	0	0	0	1	0	0	0	0	0	0	0	0	0	0	0	0	0	0	0	0	43.3277	-4.8786	347	0	0	5.638193694	ESP	SWE
Aa4515_8	0	0	0	0	0	1	0	0	0	0	0	0	0	0	0	0	0	0	0	0	0	0	43.3277	-4.8786	347	0	0	5.606543942	ESP	SWE
Aa4517_1	0	0	0	0	0	1	0	0	0	0	0	0	0	0	0	0	0	0	0	0	0	0	42.9835	-5.9416	1495	0	0	5.5910652	ESP	SWE
Aa4517_2	0	0	0	0	0	1	0	0	0	0	0	0	0	0	0	0	0	0	0	0	0	0	42.9835	-5.9416	1495	0	0	5.557713187	ESP	SWE
Aa4517_3	0	0	0	0	0	1	0	0	0	0	0	0	0	0	0	0	0	0	0	0	0	0	42.9835	-5.9416	1495	1	0	5.536136704	ESP	SWE
Aa4517_4	0	0	0	0	0	1	0	0	0	0	0	0	0	0	0	0	0	0	0	0	0	0	42.9835	-5.9416	1495	0	0	5.51719056	ESP	SWE
Aa4517_5	0	0	0	0	0	1	0	0	0	0	0	0	0	0	0	0	0	0	0	0	0	0	42.9835	-5.9416	1495	0	0	5.494475653	ESP	SWE
Aa4517_6	0	0	0	0	0	1	0	0	0	0	0	0	0	0	0	0	0	0	0	0	0	0	42.9835	-5.9416	1495	1	0	5.458528181	ESP	SWE
Aa4517_7	0	0	0	0	0	1	0	0	0	0	0	0	0	0	0	0	0	0	0	0	0	0	42.9835	-5.9416	1495	2	0	5.433271962	ESP	SWE
Aa4517_8	0	0	0	0	0	1	0	0	0	0	0	0	0	0	0	0	0	0	0	0	0	0	42.9835	-5.9416	1495	0	0	5.424315817	ESP	SWE
Aa4519_1	0	0	0	0	0	1	0	0	0	0	0	0	0	0	0	0	0	0	0	0	0	0	42.9128	-5.9247	1100	1	0	5.397480385	ESP	SWE
Aa4519_2	0	0	0	0	0	1	0	0	0	0	0	0	0	0	0	0	0	0	0	0	0	0	42.9128	-5.9247	1100	1	1	5.3785205	ESP	SWE
Aa4519_3	0	0	0	0	0	1	0	0	0	0	0	0	0	0	0	0	0	0	0	0	0	0	42.9128	-5.9247	1100	0	1	5.365788116	ESP	SWE
Aa4519_4	0	0	0	0	0	1	0	0	0	0	0	0	0	0	0	0	0	0	0	0	0	0	42.9128	-5.9247	1100	1	0	5.329580994	ESP	SWE
Aa4519_5	0	0	0	0	0	1	0	0	0	0	0	0	0	0	0	0	0	0	0	0	0	0	42.9128	-5.9247	1100	1	0	5.291920129	ESP	SWE
Aa4519_6	0	0	0	0	0	1	0	0	0	0	0	0	0	0	0	0	0	0	0	0	0	0	42.9128	-5.9247	1100	0	0	5.266484816	ESP	SWE
Aa4519_7	0	0	0	0	0	1	0	0	0	0	0	0	0	0	0	0	0	0	0	0	0	0	42.9128	-5.9247	1100	1	0	5.23736265	ESP	SWE
Aa4519_8	0	0	0	0	0	1	0	0	0	0	0	0	0	0	0	0	0	0	0	0	0	0	42.9128	-5.9247	1100	2	0	5.216091191	ESP	SWE
Aa4522_1	0	0	0	0	0	1	0	0	0	0	0	0	0	0	0	0	0	0	0	0	0	0	43.3454	-7.0126	894	2	1	5.183966632	ESP	SWE
Aa4522_2	0	0	0	0	0	1	0	0	0	0	0	0	0	0	0	0	0	0	0	0	0	0	43.3454	-7.0126	894	1	0	5.16422889	ESP	SWE
Aa4522_3	0	0	0	0	0	1	0	0	0	0	0	0	0	0	0	0	0	0	0	0	0	0	43.3454	-7.0126	894	1	1	5.160177015	ESP	SWE
Aa4522_4	0	0	0	0	0	1	0	0	0	0	0	0	0	0	0	0	0	0	0	0	0	0	43.3454	-7.0126	894	1	2	5.149929325	ESP	SWE
Aa4522_5	0	0	0	0	0	1	0	0	0	0	0	0	0	0	0	0	0	0	0	0	0	0	43.3454	-7.0126	894	1	0	5.122343138	ESP	SWE
Aa4522_6	0	0	0	0	0	1	0	0	0	0	0	0	0	0	0	0	0	0	0	0	0	0	43.3454	-7.0126	894	0	0	5.087628268	ESP	SWE
Aa4522_7	0	0	0	0	0	1	0	0	0	0	0	0	0	0	0	0	0	0	0	0	0	0	43.3454	-7.0126	894	1	0	5.036847401	ESP	SWE
Aa4522_8	0	0	0	0	0	1	0	0	0	0	0	0	0	0	0	0	0	0	0	0	0	0	43.3454	-7.0126	894	1	0	5.022428444	ESP	SWE
Aa4523_1	0	0	0	0	0	1	0	0	0	0	0	0	0	0	0	0	0	0	0	0	0	0	42.5814	-6.2225	1194	0	0	4.990637359	ESP	SWE
Aa4523_2	0	0	0	0	0	1	0	0	0	0	0	0	0	0	0	0	0	0	0	0	0	0	42.5814	-6.2225	1194	0	0	4.967093819	ESP	SWE
Aa4523_3	0	0	0	0	0	1	0	0	0	0	0	0	0	0	0	0	0	0	0	0	0	0	42.5814	-6.2225	1194	1	0	4.951381995	ESP	SWE
Aa4523_4	0	0	0	0	0	1	0	0	0	0	0	0	0	0	0	0	0	0	0	0	0	0	42.5814	-6.2225	1194	0	0	4.919455382	ESP	SWE
Aa4523_5	0	0	0	0	0	1	0	0	0	0	0	0	0	0	0	0	0	0	0	0	0	0	42.5814	-6.2225	1194	0	1	4.891463322	ESP	SWE
Aa4523_6	0	0	0	0	0	1	0	0	0	0	0	0	0	0	0	0	0	0	0	0	0	0	42.5814	-6.2225	1194	0	1	4.859897864	ESP	SWE
Aa4523_7	0	0	0	0	0	1	0	0	0	0	0	0	0	0	0	0	0	0	0	0	0	0	42.5814	-6.2225	1194	2	0	4.837103635	ESP	SWE
Aa4523_8	0	0	0	0	0	1	0	0	0	0	0	0	0	0	0	0	0	0	0	0	0	0	42.5814	-6.2225	1194	1	1	4.814309326	ESP	SWE
Aa4525_1	0	0	0	0	0	1	0	0	0	0	0	0	0	0	0	0	0	0	0	0	0	0	43.379	-5.8658	374	0	0	4.775276266	ESP	SWE
Aa4525_2	0	0	0	0	0	1	0	0	0	0	0	0	0	0	0	0	0	0	0	0	0	0	43.379	-5.8658	374	0	0	4.759850074	ESP	SWE
Aa4525_3	0	0	0	0	0	1	0	0	0	0	0	0	0	0	0	0	0	0	0	0	0	0	43.379	-5.8658	374	0	0	4.73088903	ESP	SWE
Aa4525_4	0	0	0	0	0	1	0	0	0	0	0	0	0	0	0	0	0	0	0	0	0	0	43.379	-5.8658	374	0	0	4.69783434	ESP	SWE
Aa4525_5	0	0	0	0	0	1	0	0	0	0	0	0	0	0	0	0	0	0	0	0	0	0	43.379	-5.8658	374	0	0	4.678591296	ESP	SWE
Aa4525_6	0	0	0	0	0	1	0	0	0	0	0	0	0	0	0	0	0	0	0	0	0	0	43.379	-5.8658	374	1	0	4.659052946	ESP	SWE
Aa4525_7	0	0	0	0	0	1	0	0	0	0	0	0	0	0	0	0	0	0	0	0	0	0	43.379	-5.8658	374	0	0	4.628810749	ESP	SWE
Aa4525_8	0	0	0	0	0	1	0	0	0	0	0	0	0	0	0	0	0	0	0	0	0	0	43.379	-5.8658	374	1	0	4.603304682	ESP	SWE
Aa4554_1	0	0	1	0	0	0	0	0	0	0	0	0	0	0	0	0	0	0	0	0	0	0	47.6	7.6	317	0	0	4.547031639	CHE	CE
Aa4554_10	0	0	1	0	0	0	0	0	0	0	0	0	0	0	0	0	0	0	0	0	0	0	47.6	7.6	317	0	1	4.527837746	CHE	CE
Aa4554_11	0	0	1	0	0	0	0	0	0	0	0	0	0	0	0	0	0	0	0	0	0	0	47.6	7.6	317	0	0	4.489482516	CHE	CE
Aa4554_12	0	0	1	0	0	0	0	0	0	0	0	0	0	0	0	0	0	0	0	0	0	0	47.6	7.6	317	0	2	4.47604062	CHE	CE
Aa4554_13	0	0	1	0	0	0	0	0	0	0	0	0	0	0	0	0	0	0	0	0	0	0	47.6	7.6	317	0	0	4.455109759	CHE	CE
Aa4554_14	0	0	1	0	0	0	0	0	0	0	0	0	0	0	0	0	0	0	0	0	0	0	47.6	7.6	317	0	0	4.416778187	CHE	CE
Aa4554_15	0	0	1	0	0	0	0	0	0	0	0	0	0	0	0	0	0	0	0	0	0	0	47.6	7.6	317	0	1	4.386087082	CHE	CE
Aa4554_16	0	0	1	0	0	0	0	0	0	0	0	0	0	0	0	0	0	0	0	0	0	0	47.6	7.6	317	0	1	4.339172845	CHE	CE
Aa4554_2	0	0	1	0	0	0	0	0	0	0	0	0	0	0	0	0	0	0	0	0	0	0	47.6	7.6	317	0	2	4.280566385	CHE	CE
Aa4554_3	0	0	1	0	0	0	0	0	0	0	0	0	0	0	0	0	0	0	0	0	0	0	47.6	7.6	317	0	0	4.262227686	CHE	CE
Aa4554_4	0	0	1	0	0	0	0	0	0	0	0	0	0	0	0	0	0	0	0	0	0	0	47.6	7.6	317	0	0	4.233331893	CHE	CE
Aa4554_5	0	0	1	0	0	0	0	0	0	0	0	0	0	0	0	0	0	0	0	0	0	0	47.6	7.6	317	0	1	4.21424851	CHE	CE
Aa4554_6	0	0	1	0	0	0	0	0	0	0	0	0	0	0	0	0	0	0	0	0	0	0	47.6	7.6	317	0	0	4.15589334	CHE	CE
Aa4554_7	0	0	1	0	0	0	0	0	0	0	0	0	0	0	0	0	0	0	0	0	0	0	47.6	7.6	317	0	0	4.138356914	CHE	CE
Aa4554_8	0	0	1	0	0	0	0	0	0	0	0	0	0	0	0	0	0	0	0	0	0	0	47.6	7.6	317	0	0	4.119310266	CHE	CE
Aa4554_9	0	0	1	0	0	0	0	0	0	0	0	0	0	0	0	0	0	0	0	0	0	0	47.6	7.6	317	1	0	4.076770477	CHE	CE
Aa4939_1	0	0	0	0	0	1	0	0	0	0	0	0	0	0	0	0	0	0	0	0	0	0	42.8	-3.9	987.8	0	0	4.040492034	ESP	SWE
Aa4939_10	0	0	0	0	0	1	0	0	0	0	0	0	0	0	0	0	0	0	0	0	0	0	42.8	-3.9	987.8	0	0	4.030033625	ESP	SWE
Aa4939_12	0	0	0	0	0	1	0	0	0	0	0	0	0	0	0	0	0	0	0	0	0	0	42.8	-3.9	987.8	0	0	4.017277019	ESP	SWE
Aa4939_13	0	0	0	0	0	1	0	0	0	0	0	0	0	0	0	0	0	0	0	0	0	0	42.8	-3.9	987.8	0	0	3.980330779	ESP	SWE
Aa4939_14	0	0	0	0	0	1	0	0	0	0	0	0	0	0	0	0	0	0	0	0	0	0	42.8	-3.9	987.8	0	0	3.928095963	ESP	SWE
Aa4939_15	0	0	0	0	0	1	0	0	0	0	0	0	0	0	0	0	0	0	0	0	0	0	42.8	-3.9	987.8	0	0	3.841661568	ESP	SWE
Aa4939_16	0	0	0	0	0	1	0	0	0	0	0	0	0	0	0	0	0	0	0	0	0	0	42.8	-3.9	987.8	0	2	3.840296356	ESP	SWE
Aa4939_2	0	0	0	0	0	1	0	0	0	0	0	0	0	0	0	0	0	0	0	0	0	0	42.8	-3.9	987.8	0	0	3.807675655	ESP	SWE
Aa4939_3	0	0	0	0	0	1	0	0	0	0	0	0	0	0	0	0	0	0	0	0	0	0	42.8	-3.9	987.8	0	0	3.774768247	ESP	SWE
Aa4939_4	0	0	0	0	0	1	0	0	0	0	0	0	0	0	0	0	0	0	0	0	0	0	42.8	-3.9	987.8	0	0	3.752904855	ESP	SWE
Aa4939_5	0	0	0	0	0	1	0	0	0	0	0	0	0	0	0	0	0	0	0	0	0	0	42.8	-3.9	987.8	0	0	3.718277441	ESP	SWE
Aa4939_6	0	0	0	0	0	1	0	0	0	0	0	0	0	0	0	0	0	0	0	0	0	0	42.8	-3.9	987.8	0	1	3.688254177	ESP	SWE
Aa4939_7	0	0	0	0	0	1	0	0	0	0	0	0	0	0	0	0	0	0	0	0	0	0	42.8	-3.9	987.8	0	0	3.640744317	ESP	SWE
Aa4939_8	0	0	0	0	0	1	0	0	0	0	0	0	0	0	0	0	0	0	0	0	0	0	42.8	-3.9	987.8	0	0	3.591201786	ESP	SWE
Aa4939_9	0	0	0	0	0	1	0	0	0	0	0	0	0	0	0	0	0	0	0	0	0	0	42.8	-3.9	987.8	0	0	3.549038389	ESP	SWE
Aa4940_1	0	0	0	0	0	1	0	0	0	0	0	0	0	0	0	0	0	0	0	0	0	0	42.8	-3.9	987.8	0	0	3.527182947	ESP	SWE
Aa4940_10	0	0	0	0	0	1	0	0	0	0	0	0	0	0	0	0	0	0	0	0	0	0	42.8	-3.9	987.8	0	0	3.450022513	ESP	SWE
Aa4940_11	0	0	0	0	0	1	0	0	0	0	0	0	0	0	0	0	0	0	0	0	0	0	42.8	-3.9	987.8	0	0	3.414362861	ESP	SWE
Aa4940_12	0	0	0	0	0	1	0	0	0	0	0	0	0	0	0	0	0	0	0	0	0	0	42.8	-3.9	987.8	0	1	3.371841708	ESP	SWE
Aa4940_13	0	0	0	0	0	1	0	0	0	0	0	0	0	0	0	0	0	0	0	0	0	0	42.8	-3.9	987.8	0	0	3.285248515	ESP	SWE
Aa4940_14	0	0	0	0	0	1	0	0	0	0	0	0	0	0	0	0	0	0	0	0	0	0	42.8	-3.9	987.8	0	1	3.264336176	ESP	SWE
Aa4940_16	0	0	0	0	0	1	0	0	0	0	0	0	0	0	0	0	0	0	0	0	0	0	42.8	-3.9	987.8	0	0	3.178723562	ESP	SWE
Aa4940_2	0	0	0	0	0	1	0	0	0	0	0	0	0	0	0	0	0	0	0	0	0	0	42.8	-3.9	987.8	0	1	3.139472728	ESP	SWE
Aa4940_3	0	0	0	0	0	1	0	0	0	0	0	0	0	0	0	0	0	0	0	0	0	0	42.8	-3.9	987.8	0	0	3.084235173	ESP	SWE
Aa4940_4	0	0	0	0	0	1	0	0	0	0	0	0	0	0	0	0	0	0	0	0	0	0	42.8	-3.9	987.8	0	0	3.002356431	ESP	SWE
Aa4940_5	0	0	0	0	0	1	0	0	0	0	0	0	0	0	0	0	0	0	0	0	0	0	42.8	-3.9	987.8	0	0	2.975739451	ESP	SWE
Aa4940_6	0	0	0	0	0	1	0	0	0	0	0	0	0	0	0	0	0	0	0	0	0	0	42.8	-3.9	987.8	0	0	2.965368584	ESP	SWE
Aa4940_7	0	0	0	0	0	1	0	0	0	0	0	0	0	0	0	0	0	0	0	0	0	0	42.8	-3.9	987.8	0	0	2.927282234	ESP	SWE
Aa4940_8	0	0	0	0	0	1	0	0	0	0	0	0	0	0	0	0	0	0	0	0	0	0	42.8	-3.9	987.8	0	0	2.883651426	ESP	SWE
Aa4940_9	0	0	0	0	0	1	0	0	0	0	0	0	0	0	0	0	0	0	0	0	0	0	42.8	-3.9	987.8	0	0	2.845992387	ESP	SWE
S543_1	0	0	0	0	0	0	0	0	1	0	0	0	0	0	0	0	0	0	0	0	0	0	52.4	-4.1	138	0	1	2.750839372	GBR	NE
S543_10	0	0	0	0	0	0	0	0	1	0	0	0	0	0	0	0	0	0	0	0	0	0	52.4	-4.1	138	0	1	2.700547209	GBR	NE
S543_11	0	0	0	0	0	0	0	0	1	0	0	0	0	0	0	0	0	0	0	0	0	0	52.4	-4.1	138	0	0	2.667112801	GBR	NE
S543_12	0	0	0	0	0	0	0	0	1	0	0	0	0	0	0	0	0	0	0	0	0	0	52.4	-4.1	138	0	0	2.628241496	GBR	NE
S543_13	0	0	0	0	0	0	0	0	1	0	0	0	0	0	0	0	0	0	0	0	0	0	52.4	-4.1	138	0	1	2.573435506	GBR	NE
S543_14	0	0	0	0	0	0	0	0	1	0	0	0	0	0	0	0	0	0	0	0	0	0	52.4	-4.1	138	0	0	2.507238655	GBR	NE
S543_15	0	0	0	0	0	0	0	0	1	0	0	0	0	0	0	0	0	0	0	0	0	0	52.4	-4.1	138	0	1	2.395679138	GBR	NE
S543_16	0	0	0	0	0	0	0	0	1	0	0	0	0	0	0	0	0	0	0	0	0	0	52.4	-4.1	138	0	0	2.330316247	GBR	NE
S543_2	0	0	0	0	0	0	0	0	1	0	0	0	0	0	0	0	0	0	0	0	0	0	52.4	-4.1	138	0	1	2.095062449	GBR	NE
S543_3	0	0	0	0	0	0	0	0	1	0	0	0	0	0	0	0	0	0	0	0	0	0	52.4	-4.1	138	0	0	2.075328254	GBR	NE
S543_4	0	0	0	0	0	0	0	0	1	0	0	0	0	0	0	0	0	0	0	0	0	0	52.4	-4.1	138	0	0	1.98609039	GBR	NE
S543_5	0	0	0	0	0	0	0	0	1	0	0	0	0	0	0	0	0	0	0	0	0	0	52.4	-4.1	138	0	0	1.898381013	GBR	NE
S543_6	0	0	0	0	0	0	0	0	1	0	0	0	0	0	0	0	0	0	0	0	0	0	52.4	-4.1	138	0	0	1.663489797	GBR	NE
S543_7	0	0	0	0	0	0	0	0	1	0	0	0	0	0	0	0	0	0	0	0	0	0	52.4	-4.1	138	0	1	1.493698957	GBR	NE
S543_8	0	0	0	0	0	0	0	0	1	0	0	0	0	0	0	0	0	0	0	0	0	0	52.4	-4.1	138	0	0	1.336160706	GBR	NE
S543_9	0	0	0	0	0	0	0	0	1	0	0	0	0	0	0	0	0	0	0	0	0	0	52.4	-4.1	138	0	0	8.66E-28	GBR	NE
