genotype	Flowering_date	Flowering_date_log10	Plant_height	Plant_height_log10	Plant_width	Plant_width_log10	Stem_number	Stem_number_log10	Fresh_weight	Fresh_weight_log10
Aa3506_1	69.91141732	1.830167253	38.67735471	1.554683041	47.85571142	1.600288068	49.11044177	1.483089826	304.2541616	2.107640136
Aa3506_2	80	1.903089987	30	1.477121255	20	1.301029996	9	0.954242509	50.9	1.706717782
Aa3506_3	76.5	1.883661435	32	1.505149978	50	1.698970004	34	1.531478917	94.7	1.976349979
Aa3506_4	69.5	1.841984805	33	1.51851394	45	1.653212514	15	1.176091259	74.8	1.873901598
Aa3506_5	62.5	1.795880017	25	1.397940009	55	1.740362689	69	1.838849091	105.2	2.02201574
Aa3506_7	69.91141732	1.830167253	38.67735471	1.554683041	47.85571142	1.600288068	49.11044177	1.483089826	304.2541616	2.107640136
Aa3506_8	69.91141732	1.830167253	38.67735471	1.554683041	47.85571142	1.600288068	49.11044177	1.483089826	304.2541616	2.107640136
Aa3507_1	59	1.770852012	38	1.579783597	52	1.716003344	4	0.602059991	18.3	1.26245109
Aa3507_2	52	1.716003344	34	1.531478917	50	1.698970004	8	0.903089987	50.8	1.705863712
Aa3507_3	45	1.653212514	27	1.431363764	60	1.77815125	26	1.414973348	105.7	2.024074987
Aa3507_4	59	1.770852012	26	1.414973348	52	1.716003344	29	1.462397998	979	2.990782692
Aa3507_5	59	1.770852012	31	1.491361694	45	1.653212514	5	0.698970004	52	1.716003344
Aa3507_6	59	1.770852012	26	1.414973348	24	1.380211242	78	1.892094603	309.4	2.490520309
Aa3507_7	59	1.770852012	30	1.477121255	40	1.602059991	5	0.698970004	26.8	1.428134794
Aa3507_8	55.5	1.744292983	22	1.342422681	50	1.698970004	40	1.602059991	69.5	1.841984805
Aa4000_1	45	1.653212514	28	1.447158031	59	1.770852012	5	0.698970004	42.1	1.624282096
Aa4000_2	41.5	1.618048097	20	1.301029996	48	1.681241237	9	0.954242509	23.6	1.372912003
Aa4000_3	55.5	1.744292983	12	1.079181246	50	1.698970004	74	1.86923172	140.1	2.146438135
Aa4000_4	48.5	1.685741739	15	1.176091259	55	1.740362689	30	1.477121255	27.8	1.444044796
Aa4000_5	45	1.653212514	42	1.62324929	95	1.977723605	63	1.799340549	275.5	2.440121603
Aa4000_6	59	1.770852012	31	1.491361694	75	1.875061263	32	1.505149978	304.2541616	2.107640136
Aa4000_7	59	1.770852012	30	1.477121255	75	1.875061263	22	1.342422681	45.6	1.658964843
Aa4000_8	55.5	1.744292983	26	1.414973348	71	1.851258349	31	1.491361694	64.8	1.811575006
Aa4013_1	100	2	43	1.633468456	20	1.301029996	61	1.785329835	829.9	2.919025765
Aa4013_2	69.91141732	1.830167253	38.67735471	1.554683041	47.85571142	1.600288068	49.11044177	1.483089826	304.2541616	2.107640136
Aa4013_3	100	2	38	1.579783597	30	1.477121255	28	1.447158031	204.6	2.310905629
Aa4013_4	100	2	41	1.612783857	11	1.041392685	20	1.301029996	223	2.348304863
Aa4013_5	100	2	45	1.653212514	35	1.544068044	76	1.880813592	942.3	2.974189191
Aa4013_6	100	2	46	1.662757832	17	1.230448921	34	1.531478917	701.3	2.845903839
Aa4013_7	69.91141732	1.830167253	38.67735471	1.554683041	47.85571142	1.600288068	49.11044177	1.483089826	304.2541616	2.107640136
Aa4013_8	100	2	57	1.755874856	25	1.397940009	52	1.716003344	899	2.953759692
Aa4031_1	69.91141732	1.830167253	38.67735471	1.554683041	47.85571142	1.600288068	49.11044177	1.483089826	304.2541616	2.107640136
Aa4031_2	48.5	1.685741739	55	1.740362689	60	1.77815125	55	1.740362689	273	2.436162647
Aa4031_3	45	1.653212514	35	1.544068044	50	1.698970004	7	0.84509804	24.2	1.383815366
Aa4031_4	100	2	56	1.748188027	80	1.903089987	43	1.633468456	667	2.824125834
Aa4031_5	69.5	1.841984805	30	1.477121255	50	1.698970004	26	1.414973348	54	1.73239376
Aa4031_6	66	1.819543936	38	1.579783597	60	1.77815125	14	1.146128036	29.9	1.475671188
Aa4031_7	69.91141732	1.830167253	38.67735471	1.554683041	47.85571142	1.600288068	49.11044177	1.483089826	304.2541616	2.107640136
Aa4031_8	69.91141732	1.830167253	38.67735471	1.554683041	47.85571142	1.600288068	49.11044177	1.483089826	304.2541616	2.107640136
Aa4038_1	100	2	37	1.568201724	30	1.477121255	51	1.707570176	156.7	2.195068996
Aa4038_2	100	2	50	1.698970004	60	1.77815125	37	1.568201724	296.7	2.472317546
Aa4038_3	100	2	36	1.556302501	45	1.653212514	54	1.73239376	382.8	2.582971929
Aa4038_4	100	2	40	1.602059991	50	1.698970004	55	1.740362689	368.8	2.566790912
Aa4038_5	100	2	45	1.653212514	65	1.812913357	47	1.672097858	339.4	2.530711838
Aa4038_6	69.91141732	1.830167253	38.67735471	1.554683041	47.85571142	1.600288068	49.11044177	1.483089826	304.2541616	2.107640136
Aa4038_7	100	2	15	1.176091259	12	1.079181246	2	0.301029996	1	0
Aa4038_8	69.91141732	1.830167253	38.67735471	1.554683041	47.85571142	1.600288068	49.11044177	1.483089826	304.2541616	2.107640136
Aa4042_1	69.5	1.841984805	25	1.397940009	5	0.698970004	2	0.301029996	1.3	0.113943352
Aa4042_2	45	1.653212514	50	1.698970004	60	1.77815125	50	1.698970004	189.5	2.277609214
Aa4042_3	69.5	1.841984805	60	1.77815125	90	1.954242509	11	1.041392685	46	1.662757832
Aa4042_4	69.91141732	1.830167253	38.67735471	1.554683041	47.85571142	1.600288068	49.11044177	1.483089826	304.2541616	2.107640136
Aa4042_5	45	1.653212514	45	1.653212514	40	1.602059991	22	1.342422681	72.7	1.861534411
Aa4042_6	69.91141732	1.830167253	38.67735471	1.554683041	47.85571142	1.600288068	49.11044177	1.483089826	304.2541616	2.107640136
Aa4042_7	66	1.819543936	45	1.653212514	55	1.740362689	23	1.361727836	92.7	1.967079734
Aa4042_8	52	1.716003344	20	1.301029996	20	1.301029996	6	0.77815125	8.3	0.919078092
Aa4177_1	66	1.819543936	21	1.322219295	15	1.176091259	3	0.477121255	4.6	0.662757832
Aa4177_2	100	2	27	1.431363764	20	1.301029996	6	0.77815125	9.7	0.986771734
Aa4177_4	69.91141732	1.830167253	38.67735471	1.554683041	47.85571142	1.600288068	49.11044177	1.483089826	304.2541616	2.107640136
Aa4177_5	100	2	40	1.602059991	25	1.397940009	8	0.903089987	49.9	1.698100546
Aa4177_6	69.91141732	1.830167253	38.67735471	1.554683041	47.85571142	1.600288068	49.11044177	1.483089826	304.2541616	2.107640136
Aa4177_7	69.91141732	1.830167253	38.67735471	1.554683041	47.85571142	1.600288068	49.11044177	1.483089826	304.2541616	2.107640136
Aa4177_8	69.91141732	1.830167253	38.67735471	1.554683041	47.85571142	1.600288068	49.11044177	1.483089826	304.2541616	2.107640136
Aa4178_1	62.5	1.795880017	37	1.568201724	45	1.653212514	38	1.579783597	241.6	2.38309693
Aa4178_2	62.5	1.795880017	48	1.681241237	57	1.755874856	31	1.491361694	393.8	2.595275712
Aa4178_3	66	1.819543936	53	1.72427587	40	1.602059991	34	1.531478917	317.8	2.502153893
Aa4178_4	66	1.819543936	48	1.681241237	90	1.954242509	61	1.785329835	323.2	2.509471352
Aa4178_5	45	1.653212514	33	1.51851394	34	1.531478917	18	1.255272505	187.8	2.273695588
Aa4178_6	66	1.819543936	44	1.643452676	30	1.477121255	9	0.954242509	121.1	2.083144143
Aa4178_7	62.5	1.795880017	50	1.698970004	70	1.84509804	30	1.477121255	373.3	2.57205799
Aa4178_8	69.5	1.841984805	54	1.73239376	90	1.954242509	11	1.041392685	274.9	2.43917474
Aa4184_1	62.5	1.795880017	22	1.342422681	30	1.477121255	6	0.77815125	11	1.041392685
Aa4184_2	100	2	10	1	10	1	2	0.301029996	1.9	0.278753601
Aa4184_3	62.5	1.795880017	25	1.397940009	25	1.397940009	13	1.113943352	31.3	1.495544338
Aa4184_4	55.5	1.744292983	32	1.505149978	59	1.770852012	20	1.301029996	89.2	1.950364854
Aa4184_5	62.5	1.795880017	28	1.447158031	25	1.397940009	9	0.954242509	18.4	1.264817823
Aa4184_6	55.5	1.744292983	35	1.544068044	40	1.602059991	30	1.477121255	81.3	1.910090546
Aa4184_7	59	1.770852012	33	1.51851394	65	1.812913357	40	1.602059991	82.6	1.916980047
Aa4184_8	52	1.716003344	32	1.505149978	59	1.770852012	11	1.041392685	65	1.812913357
Aa4190_1	100	2	38	1.579783597	33	1.51851394	18	1.255272505	109.7	2.040206628
Aa4190_2	73	1.86332286	28	1.447158031	15	1.176091259	4	0.602059991	7.9	0.897627091
Aa4190_3	69.91141732	1.830167253	38.67735471	1.554683041	47.85571142	1.600288068	49.11044177	1.483089826	304.2541616	2.107640136
Aa4190_4	59	1.770852012	33	1.51851394	20	1.301029996	19	1.278753601	76.3	1.882524538
Aa4190_5	69.91141732	1.830167253	38.67735471	1.554683041	47.85571142	1.600288068	49.11044177	1.483089826	304.2541616	2.107640136
Aa4190_6	100	2	31	1.491361694	20	1.301029996	16	1.204119983	46.4	1.666517981
Aa4190_7	69.91141732	1.830167253	38.67735471	1.554683041	47.85571142	1.600288068	49.11044177	1.483089826	304.2541616	2.107640136
Aa4190_8	69.91141732	1.830167253	38.67735471	1.554683041	47.85571142	1.600288068	49.11044177	1.483089826	304.2541616	2.107640136
Aa4203_1	59	1.770852012	62	1.792391689	25	1.397940009	52	1.716003344	1107	3.044147621
Aa4203_2	66	1.819543936	65	1.812913357	20	1.301029996	172	2.235528447	1553.1	3.19119942
Aa4203_3	100	2	40	1.602059991	15	1.176091259	19	1.278753601	181.6	2.259115844
Aa4203_4	100	2	55	1.740362689	20	1.301029996	120	2.079181246	998.6	2.999391562
Aa4203_5	80	1.903089987	70	1.84509804	15	1.176091259	32	1.505149978	531	2.725094521
Aa4203_6	69.91141732	1.830167253	38.67735471	1.554683041	47.85571142	1.600288068	49.11044177	1.483089826	304.2541616	2.107640136
Aa4203_7	69.91141732	1.830167253	38.67735471	1.554683041	47.85571142	1.600288068	49.11044177	1.483089826	304.2541616	2.107640136
Aa4203_8	73	1.86332286	60	1.77815125	25	1.397940009	83	1.919078092	975.1	2.989049156
Aa4204_1	69.5	1.841984805	40	1.602059991	55	1.740362689	74	1.86923172	382	2.582063363
Aa4204_2	73	1.86332286	32	1.505149978	45	1.653212514	28	1.447158031	153	2.184691431
Aa4204_3	76.5	1.883661435	36	1.556302501	60	1.77815125	93	1.968482949	426	2.629409599
Aa4204_4	76.5	1.883661435	35	1.544068044	63	1.799340549	120	2.079181246	402.4	2.604657972
Aa4204_5	69.91141732	1.830167253	38.67735471	1.554683041	47.85571142	1.600288068	49.11044177	1.483089826	304.2541616	2.107640136
Aa4204_6	80	1.903089987	41	1.612783857	72	1.857332496	42	1.62324929	261.3	2.41713941
Aa4204_7	100	2	26	1.414973348	25	1.397940009	35	1.544068044	51.2	1.709269961
Aa4204_8	76.5	1.883661435	27	1.431363764	30	1.477121255	25	1.397940009	116	2.064457989
Aa4205_1	69.5	1.841984805	25	1.397940009	13	1.113943352	4	0.602059991	3.5	0.544068044
Aa4205_2	66	1.819543936	28	1.447158031	10	1	3	0.477121255	3.4	0.531478917
Aa4205_3	69.91141732	1.830167253	38.67735471	1.554683041	47.85571142	1.600288068	49.11044177	1.483089826	304.2541616	2.107640136
Aa4205_4	55.5	1.744292983	48	1.681241237	32	1.505149978	60	1.77815125	350.9	2.545183368
Aa4205_5	62.5	1.795880017	65	1.812913357	15	1.176091259	28	1.447158031	183.3	2.263162465
Aa4205_6	69.91141732	1.830167253	38.67735471	1.554683041	47.85571142	1.600288068	49.11044177	1.483089826	304.2541616	2.107640136
Aa4205_7	55.5	1.744292983	46	1.662757832	20	1.301029996	47	1.672097858	129.2	2.111262514
Aa4205_8	59	1.770852012	40	1.602059991	27	1.431363764	35	1.544068044	96.1	1.982723388
Aa4208_1	80	1.903089987	29	1.462397998	20	1.301029996	28	1.447158031	94.3	1.974511693
Aa4208_2	59	1.770852012	34	1.531478917	72	1.857332496	124	2.093421685	390.2	2.591287265
Aa4208_3	69.5	1.841984805	26	1.414973348	35	1.544068044	45	1.653212514	132.5	2.122215878
Aa4208_4	59	1.770852012	28	1.447158031	50	1.698970004	74	1.86923172	145.2	2.161966616
Aa4208_5	59	1.770852012	26	1.414973348	40	1.602059991	112	2.049218023	130.7	2.116275588
Aa4208_6	69.91141732	1.830167253	38.67735471	1.554683041	47.85571142	1.600288068	49.11044177	1.483089826	304.2541616	2.107640136
Aa4208_7	66	1.819543936	23	1.361727836	40	1.602059991	65	1.812913357	84.3	1.925827575
Aa4208_8	59	1.770852012	31	1.491361694	48	1.681241237	82	1.913813852	198.5	2.297760511
Aa4210_1	69.91141732	1.830167253	38.67735471	1.554683041	47.85571142	1.600288068	49.11044177	1.483089826	304.2541616	2.107640136
Aa4210_2	69.91141732	1.830167253	38.67735471	1.554683041	47.85571142	1.600288068	49.11044177	1.483089826	304.2541616	2.107640136
Aa4210_3	66	1.819543936	55	1.740362689	80	1.903089987	25	1.397940009	127.6	2.105850674
Aa4210_4	66	1.819543936	25	1.397940009	20	1.301029996	5	0.698970004	16.8	1.225309282
Aa4210_5	69.5	1.841984805	58	1.763427994	35	1.544068044	24	1.380211242	226.8	2.35564305
Aa4210_6	59	1.770852012	50	1.698970004	70	1.84509804	7	0.84509804	64.5	1.809559715
Aa4210_7	69.5	1.841984805	55	1.740362689	25	1.397940009	2	0.301029996	19.64	1.293141483
Aa4210_8	73	1.86332286	50	1.698970004	40	1.602059991	23	1.361727836	100.9	2.003891166
Aa4212_1	62.5	1.795880017	53	1.72427587	55	1.740362689	96	1.982271233	482.3	2.683317262
Aa4212_2	62.5	1.795880017	44	1.643452676	30	1.477121255	45	1.653212514	372.9	2.571592383
Aa4212_3	59	1.770852012	53	1.72427587	40	1.602059991	49	1.69019608	115.4	2.062205809
Aa4212_4	62.5	1.795880017	35	1.544068044	65	1.812913357	133	2.123851641	484.2	2.685024785
Aa4212_5	69.91141732	1.830167253	38.67735471	1.554683041	47.85571142	1.600288068	49.11044177	1.483089826	304.2541616	2.107640136
Aa4212_6	59	1.770852012	35	1.544068044	50	1.698970004	35	1.544068044	100.5	2.002166062
Aa4212_7	62.5	1.795880017	33	1.51851394	42	1.62324929	44	1.643452676	146.9	2.167021796
Aa4212_8	66	1.819543936	43	1.633468456	32	1.505149978	45	1.653212514	149.6	2.174931594
Aa4213_1	80	1.903089987	22	1.342422681	45	1.653212514	13	1.113943352	33.6	1.526339277
Aa4213_2	69.5	1.841984805	35	1.544068044	50	1.698970004	32	1.505149978	100.3	2.001300933
Aa4213_3	100	2	35	1.544068044	45	1.653212514	37	1.568201724	147.8	2.169674434
Aa4213_4	100	2	30	1.477121255	57	1.755874856	60	1.77815125	171.4	2.234010818
Aa4213_5	69.91141732	1.830167253	38.67735471	1.554683041	47.85571142	1.600288068	49.11044177	1.483089826	304.2541616	2.107640136
Aa4213_6	100	2	27	1.431363764	65	1.812913357	48	1.681241237	199.7	2.300378065
Aa4213_7	100	2	37	1.568201724	60	1.77815125	63	1.799340549	215.1	2.33264041
Aa4213_8	100	2	31	1.491361694	70	1.84509804	55	1.740362689	195.2	2.290479813
Aa4216_1	69.5	1.841984805	29	1.462397998	20	1.301029996	5	0.698970004	10.1	1.004321374
Aa4216_2	59	1.770852012	43	1.633468456	20	1.301029996	5	0.698970004	14	1.146128036
Aa4216_3	69.91141732	1.830167253	38.67735471	1.554683041	47.85571142	1.600288068	49.11044177	1.483089826	304.2541616	2.107640136
Aa4216_4	59	1.770852012	51	1.707570176	75	1.875061263	23	1.361727836	124.3	2.094471129
Aa4216_5	69.91141732	1.830167253	38.67735471	1.554683041	47.85571142	1.600288068	49.11044177	1.483089826	304.2541616	2.107640136
Aa4216_6	45	1.653212514	33	1.51851394	30	1.477121255	11	1.041392685	37	1.568201724
Aa4216_7	62.5	1.795880017	33	1.51851394	20	1.301029996	12	1.079181246	23	1.361727836
Aa4216_8	100	2	20	1.301029996	15	1.176091259	1	0	1	0
Aa4217_1	66	1.819543936	55	1.740362689	60	1.77815125	26	1.414973348	372.5	2.571126277
Aa4217_2	55.5	1.744292983	50	1.698970004	65	1.812913357	26	1.414973348	108.8	2.036628895
Aa4217_3	73	1.86332286	46	1.662757832	40	1.602059991	47	1.672097858	200.8	2.302763708
Aa4217_4	80	1.903089987	41	1.612783857	20	1.301029996	24	1.380211242	68	1.832508913
Aa4217_5	73	1.86332286	54	1.73239376	55	1.740362689	38	1.579783597	332.2	2.521399628
Aa4217_6	66	1.819543936	62	1.792391689	95	1.977723605	27	1.431363764	589.2	2.770262738
Aa4217_7	59	1.770852012	62	1.792391689	75	1.875061263	68	1.832508913	550.51	2.740765212
Aa4217_8	69.91141732	1.830167253	38.67735471	1.554683041	47.85571142	1.600288068	49.11044177	1.483089826	304.2541616	2.107640136
Aa4219_1	80	1.903089987	25	1.397940009	20	1.301029996	40	1.602059991	116.3	2.065579715
Aa4219_2	69.91141732	1.830167253	38.67735471	1.554683041	47.85571142	1.600288068	49.11044177	1.483089826	304.2541616	2.107640136
Aa4219_3	69.91141732	1.830167253	38.67735471	1.554683041	47.85571142	1.600288068	49.11044177	1.483089826	304.2541616	2.107640136
Aa4219_4	100	2	23	1.361727836	10	1	11	1.041392685	11.9	1.075546961
Aa4219_5	100	2	34	1.531478917	10	1	14	1.146128036	26.5	1.423245874
Aa4219_6	80	1.903089987	23	1.361727836	23	1.361727836	34	1.531478917	49.8	1.697229343
Aa4219_7	80	1.903089987	32	1.505149978	30	1.477121255	11	1.041392685	37.7	1.57634135
Aa4219_8	69.5	1.841984805	28	1.447158031	20	1.301029996	6	0.77815125	13.7	1.136720567
Aa4283_1	69.91141732	1.830167253	38.67735471	1.554683041	47.85571142	1.600288068	49.11044177	1.483089826	304.2541616	2.107640136
Aa4283_2	69.5	1.841984805	31	1.491361694	55	1.740362689	24	1.380211242	165.2	2.218010043
Aa4283_3	69.91141732	1.830167253	38.67735471	1.554683041	47.85571142	1.600288068	49.11044177	1.483089826	304.2541616	2.107640136
Aa4283_4	69.91141732	1.830167253	38.67735471	1.554683041	47.85571142	1.600288068	49.11044177	1.483089826	304.2541616	2.107640136
Aa4283_5	59	1.770852012	53	1.72427587	95	1.977723605	32	1.505149978	223	2.348304863
Aa4283_7	73	1.86332286	32	1.505149978	30	1.477121255	4	0.602059991	10.6	1.025305865
Aa4283_8	62.5	1.795880017	31	1.491361694	25	1.397940009	4	0.602059991	15.6	1.193124598
Aa4292_1	55.5	1.744292983	34	1.531478917	30	1.477121255	8	0.903089987	20.3	1.307496038
Aa4292_2	69.91141732	1.830167253	38.67735471	1.554683041	47.85571142	1.600288068	49.11044177	1.483089826	304.2541616	2.107640136
Aa4292_3	45	1.653212514	35	1.544068044	30	1.477121255	37	1.568201724	40.3	1.605305046
Aa4292_4	45	1.653212514	38	1.579783597	50	1.698970004	22	1.342422681	56	1.748188027
Aa4292_5	38	1.579783597	45	1.653212514	35	1.544068044	41	1.612783857	100.6	2.002597981
Aa4292_6	62.5	1.795880017	50	1.698970004	35	1.544068044	7	0.84509804	28.3	1.451786436
Aa4292_7	45	1.653212514	30	1.477121255	25	1.397940009	12	1.079181246	11.6	1.064457989
Aa4292_8	66	1.819543936	21	1.322219295	15	1.176091259	3	0.477121255	2.5	0.397940009
Aa4298_1	66	1.819543936	60	1.77815125	60	1.77815125	58	1.763427994	307	2.487138375
Aa4298_2	66	1.819543936	45	1.653212514	10	1	1	0	5	0.698970004
Aa4298_3	59	1.770852012	60	1.77815125	75	1.875061263	62	1.792391689	372	2.57054294
Aa4298_4	69.5	1.841984805	52	1.716003344	55	1.740362689	23	1.361727836	113	2.053078443
Aa4298_5	52	1.716003344	50	1.698970004	50	1.698970004	15	1.176091259	80	1.903089987
Aa4298_6	59	1.770852012	60	1.77815125	80	1.903089987	23	1.361727836	216	2.334453751
Aa4298_7	59	1.770852012	50	1.698970004	70	1.84509804	24	1.380211242	146	2.164352856
Aa4298_8	69.91141732	1.830167253	38.67735471	1.554683041	47.85571142	1.600288068	49.11044177	1.483089826	304.2541616	2.107640136
Aa4301_1	100	2	12	1.079181246	10	1	9	0.954242509	137	2.136720567
Aa4301_2	69.91141732	1.830167253	38.67735471	1.554683041	47.85571142	1.600288068	49.11044177	1.483089826	304.2541616	2.107640136
Aa4301_3	100	2	13	1.113943352	12	1.079181246	8	0.903089987	30.2	1.480006943
Aa4301_4	100	2	15	1.176091259	20	1.301029996	12	1.079181246	48.6	1.686636269
Aa4301_5	100	2	40	1.602059991	17	1.230448921	16	1.204119983	77	1.886490725
Aa4301_6	100	2	10	1	10	1	4	0.602059991	4	0.602059991
Aa4301_7	100	2	5	0.698970004	10	1	1	0	8	0.903089987
Aa4301_8	100	2	7	0.84509804	12	1.079181246	8	0.903089987	22	1.342422681
Aa4304_1	45	1.653212514	18	1.255272505	23	1.361727836	1	0	1	0
Aa4304_2	69.91141732	1.830167253	38.67735471	1.554683041	47.85571142	1.600288068	49.11044177	1.483089826	304.2541616	2.107640136
Aa4304_3	69.91141732	1.830167253	38.67735471	1.554683041	47.85571142	1.600288068	49.11044177	1.483089826	304.2541616	2.107640136
Aa4304_4	45	1.653212514	23	1.361727836	18	1.255272505	2	0.301029996	3.1	0.491361694
Aa4304_5	45	1.653212514	21	1.322219295	30	1.477121255	4	0.602059991	9.1	0.959041392
Aa4304_6	69.91141732	1.830167253	38.67735471	1.554683041	47.85571142	1.600288068	49.11044177	1.483089826	304.2541616	2.107640136
Aa4304_7	45	1.653212514	18	1.255272505	15	1.176091259	3	0.477121255	9.2	0.963787827
Aa4304_8	69.91141732	1.830167253	38.67735471	1.554683041	47.85571142	1.600288068	49.11044177	1.483089826	304.2541616	2.107640136
Aa4355_1	62.5	1.795880017	31	1.491361694	79	1.897627091	18	1.255272505	50.2	1.700703717
Aa4355_2	76.5	1.883661435	33	1.51851394	10	1	2	0.301029996	1.7	0.230448921
Aa4355_3	100	2	16	1.204119983	60	1.77815125	25	1.397940009	105.7	2.024074987
Aa4355_4	69.91141732	1.830167253	38.67735471	1.554683041	47.85571142	1.600288068	49.11044177	1.483089826	304.2541616	2.107640136
Aa4355_5	62.5	1.795880017	42	1.62324929	30	1.477121255	7	0.84509804	33.2	1.521138084
Aa4355_6	62.5	1.795880017	32	1.505149978	50	1.698970004	82	1.913813852	158.7	2.200576927
Aa4355_7	62.5	1.795880017	26	1.414973348	40	1.602059991	7	0.84509804	29.5	1.469822016
Aa4355_8	76.5	1.883661435	37	1.568201724	30	1.477121255	4	0.602059991	8.9	0.949390007
Aa4358_1	69.91141732	1.830167253	38.67735471	1.554683041	47.85571142	1.600288068	49.11044177	1.483089826	304.2541616	2.107640136
Aa4358_2	66	1.819543936	27	1.431363764	23	1.361727836	11	1.041392685	21.5	1.33243846
Aa4358_3	66	1.819543936	35	1.544068044	50	1.698970004	16	1.204119983	38	1.579783597
Aa4358_4	69.91141732	1.830167253	38.67735471	1.554683041	47.85571142	1.600288068	49.11044177	1.483089826	304.2541616	2.107640136
Aa4358_5	69.91141732	1.830167253	38.67735471	1.554683041	47.85571142	1.600288068	49.11044177	1.483089826	304.2541616	2.107640136
Aa4358_6	66	1.819543936	45	1.653212514	80	1.903089987	18	1.255272505	73.3	1.865103975
Aa4358_7	69.91141732	1.830167253	38.67735471	1.554683041	47.85571142	1.600288068	49.11044177	1.483089826	304.2541616	2.107640136
Aa4358_8	69.91141732	1.830167253	38.67735471	1.554683041	47.85571142	1.600288068	49.11044177	1.483089826	304.2541616	2.107640136
Aa4369_1	69.5	1.841984805	48	1.681241237	30	1.477121255	28	1.447158031	312.1	2.494293769
Aa4369_2	66	1.819543936	42	1.62324929	27	1.431363764	42	1.62324929	226.3	2.354684554
Aa4369_3	69.5	1.841984805	41	1.612783857	35	1.544068044	19	1.278753601	134.5	2.128722284
Aa4369_4	69.5	1.841984805	53	1.72427587	70	1.84509804	45	1.653212514	544.5	2.735997884
Aa4369_6	69.5	1.841984805	42	1.62324929	45	1.653212514	31	1.491361694	245.3	2.389697548
Aa4369_7	66	1.819543936	47	1.672097858	30	1.477121255	30	1.477121255	292.3	2.465828815
Aa4369_8	62.5	1.795880017	45	1.653212514	30	1.477121255	60	1.77815125	223.7	2.349665984
Aa4370_1	69.5	1.841984805	38.67735471	1.554683041	47.85571142	1.600288068	49.11044177	1.483089826	304.2541616	2.107640136
Aa4370_2	80	1.903089987	23	1.361727836	20	1.301029996	3	0.477121255	7.6	0.880813592
Aa4370_3	69.91141732	1.830167253	38.67735471	1.554683041	47.85571142	1.600288068	49.11044177	1.483089826	304.2541616	2.107640136
Aa4370_4	66	1.819543936	33	1.51851394	72	1.857332496	23	1.361727836	123.8	2.092720645
Aa4370_5	59	1.770852012	33	1.51851394	30	1.477121255	25	1.397940009	113.7	2.055760465
Aa4370_6	59	1.770852012	38	1.579783597	80	1.903089987	27	1.431363764	278	2.444044796
Aa4370_7	48.5	1.685741739	40	1.602059991	50	1.698970004	13	1.113943352	135.3	2.131297797
Aa4370_8	66	1.819543936	50	1.698970004	78	1.892094603	35	1.544068044	306.7	2.486713776
Aa4374_1	69.91141732	1.830167253	38.67735471	1.554683041	47.85571142	1.600288068	49.11044177	1.483089826	304.2541616	2.107640136
Aa4374_2	69.91141732	1.830167253	38.67735471	1.554683041	47.85571142	1.600288068	49.11044177	1.483089826	304.2541616	2.107640136
Aa4374_3	69.91141732	1.830167253	38.67735471	1.554683041	47.85571142	1.600288068	49.11044177	1.483089826	304.2541616	2.107640136
Aa4374_4	69.91141732	1.830167253	38.67735471	1.554683041	47.85571142	1.600288068	49.11044177	1.483089826	304.2541616	2.107640136
Aa4374_5	100	2	10	1	10	1	49.11044177	1.483089826	304.2541616	2.107640136
Aa4374_6	69.91141732	1.830167253	38.67735471	1.554683041	47.85571142	1.600288068	49.11044177	1.483089826	304.2541616	2.107640136
Aa4374_7	69.91141732	1.830167253	38.67735471	1.554683041	47.85571142	1.600288068	49.11044177	1.483089826	304.2541616	2.107640136
Aa4374_8	69.91141732	1.830167253	38.67735471	1.554683041	47.85571142	1.600288068	49.11044177	1.483089826	304.2541616	2.107640136
Aa4379_1	100	2	40	1.602059991	15	1.176091259	44	1.643452676	714.6	2.854063012
Aa4379_10	100	2	55	1.740362689	17	1.230448921	47	1.672097858	932.4	2.969602265
Aa4379_11	100	2	65	1.812913357	20	1.301029996	54	1.73239376	977	2.989894564
Aa4379_12	100	2	65	1.812913357	20	1.301029996	73	1.86332286	304.2541616	2.107640136
Aa4379_13	100	2	40	1.602059991	15	1.176091259	20	1.301029996	476.3	2.677880582
Aa4379_14	100	2	70	1.84509804	20	1.301029996	101	2.004321374	1492.8	3.174001626
Aa4379_15	100	2	70	1.84509804	20	1.301029996	102	2.008600172	1932.9	3.286209386
Aa4379_16	100	2	60	1.77815125	20	1.301029996	44	1.643452676	828.8	2.918449742
Aa4379_2	100	2	60	1.77815125	20	1.301029996	71	1.851258349	1292.1	3.111296126
Aa4379_3	100	2	45	1.653212514	25	1.397940009	49	1.69019608	626.9	2.79719827
Aa4379_4	100	2	60	1.77815125	12	1.079181246	61	1.785329835	1127.4	3.05207803
Aa4379_5	100	2	73	1.86332286	12	1.079181246	46	1.662757832	810.1	2.908538632
Aa4379_6	100	2	73	1.86332286	15	1.176091259	46	1.662757832	1397.2	3.145258577
Aa4379_7	100	2	45	1.653212514	13	1.113943352	27	1.431363764	285.6	2.455758203
Aa4379_8	100	2	76	1.880813592	20	1.301029996	51	1.707570176	856.1	2.932524497
Aa4379_9	100	2	70	1.84509804	25	1.397940009	58	1.763427994	1626.2	3.211173957
Aa4388_1	45	1.653212514	50	1.698970004	70	1.84509804	54	1.73239376	248.8	2.395850376
Aa4388_2	45	1.653212514	50	1.698970004	85	1.929418926	24	1.380211242	146.7	2.166430114
Aa4388_3	45	1.653212514	40	1.602059991	70	1.84509804	43	1.633468456	178.7	2.252124553
Aa4388_4	48.5	1.685741739	35	1.544068044	80	1.903089987	58	1.763427994	359.6	2.555819683
Aa4388_5	55.5	1.744292983	40	1.602059991	90	1.954242509	61	1.785329835	377.7	2.577146985
Aa4388_6	45	1.653212514	37	1.568201724	67	1.826074803	54	1.73239376	296.6	2.472171147
Aa4388_7	45	1.653212514	36	1.556302501	65	1.812913357	61	1.785329835	406.8	2.609380944
Aa4388_8	55.5	1.744292983	32	1.505149978	58	1.763427994	23	1.361727836	91.4	1.960946196
Aa4390_1	80	1.903089987	25	1.397940009	70	1.84509804	105	2.021189299	369	2.567026366
Aa4390_2	80	1.903089987	23	1.361727836	70	1.84509804	47	1.672097858	237	2.374748346
Aa4390_3	100	2	20	1.301029996	50	1.698970004	113	2.053078443	261.1	2.416806872
Aa4390_4	100	2	18	1.255272505	60	1.77815125	45	1.653212514	150.6	2.177824972
Aa4390_5	100	2	16	1.204119983	60	1.77815125	15	1.176091259	55	1.740362689
Aa4390_6	100	2	20	1.301029996	55	1.740362689	61	1.785329835	178.6	2.251881455
Aa4390_7	80	1.903089987	45	1.653212514	75	1.875061263	60	1.77815125	154.9	2.190051418
Aa4390_8	80	1.903089987	43	1.633468456	70	1.84509804	105	2.021189299	235.7	2.372359583
Aa4397_1	80	1.903089987	25	1.397940009	65	1.812913357	118	2.071882007	225.1	2.352375495
Aa4397_2	69.5	1.841984805	30	1.477121255	75	1.875061263	128	2.10720997	209	2.320146286
Aa4397_3	69.5	1.841984805	24	1.380211242	24	1.380211242	11	1.041392685	28	1.447158031
Aa4397_4	73	1.86332286	30	1.477121255	80	1.903089987	380	2.579783597	571.3	2.756864224
Aa4397_5	69.5	1.841984805	20	1.301029996	50	1.698970004	42	1.62324929	142.8	2.154728207
Aa4397_6	80	1.903089987	20	1.301029996	100	2	116	2.064457989	537.2	2.730136004
Aa4397_7	69.5	1.841984805	30	1.477121255	65	1.812913357	152	2.181843588	248.2	2.394801777
Aa4397_8	80	1.903089987	20	1.301029996	50	1.698970004	29	1.462397998	80	1.903089987
Aa4398_1	69.91141732	1.830167253	38.67735471	1.554683041	47.85571142	1.600288068	49.11044177	1.483089826	304.2541616	2.107640136
Aa4398_2	66	1.819543936	31	1.491361694	25	1.397940009	8	0.903089987	19.5	1.290034611
Aa4398_3	100	2	12	1.079181246	12	1.079181246	1	0	3.8	0.579783597
Aa4398_4	59	1.770852012	35	1.544068044	40	1.602059991	7	0.84509804	13.9	1.1430148
Aa4398_5	69.5	1.841984805	40	1.602059991	65	1.812913357	15	1.176091259	36.6	1.563481085
Aa4398_6	62.5	1.795880017	35	1.544068044	50	1.698970004	14	1.146128036	25.7	1.409933123
Aa4398_7	66	1.819543936	30	1.477121255	25	1.397940009	17	1.230448921	21.8	1.338456494
Aa4398_8	48.5	1.685741739	35	1.544068044	50	1.698970004	82	1.913813852	68.2	1.833784375
Aa4399_1	80	1.903089987	51	1.707570176	52	1.716003344	147	2.167317335	2542.3	3.405226797
Aa4399_2	100	2	55	1.740362689	70	1.84509804	90	1.954242509	965	2.984527313
Aa4399_3	80	1.903089987	48	1.681241237	50	1.698970004	111	2.045322979	667.8	2.824646415
Aa4399_4	80	1.903089987	49	1.69019608	50	1.698970004	215	2.33243846	1115.9	3.047625278
Aa4399_5	80	1.903089987	50	1.698970004	83	1.919078092	245	2.389166084	1718.9	3.235250612
Aa4399_6	73	1.86332286	50	1.698970004	60	1.77815125	160	2.204119983	568.1	2.754424789
Aa4399_7	73	1.86332286	55	1.740362689	60	1.77815125	104	2.017033339	548.3	2.739018246
Aa4399_8	66	1.819543936	48	1.681241237	50	1.698970004	52	1.716003344	397.7	2.599555591
Aa4401_1	69.5	1.841984805	34	1.531478917	55	1.740362689	44	1.643452676	163.7	2.214048679
Aa4401_2	100	2	30	1.477121255	25	1.397940009	12	1.079181246	18.1	1.257678575
Aa4401_3	69.5	1.841984805	27	1.431363764	62	1.792391689	78	1.892094603	98	1.991226076
Aa4401_4	69.5	1.841984805	26	1.414973348	55	1.740362689	50	1.698970004	106.7	2.028164419
Aa4401_5	100	2	14	1.146128036	20	1.301029996	15	1.176091259	30.9	1.489958479
Aa4401_6	73	1.86332286	30	1.477121255	54	1.73239376	20	1.301029996	65.9	1.818885415
Aa4401_7	80	1.903089987	11	1.041392685	50	1.698970004	17	1.230448921	29.9	1.475671188
Aa4401_8	76.5	1.883661435	26	1.414973348	55	1.740362689	110	2.041392685	212	2.326335861
Aa4402_1	66	1.819543936	33	1.51851394	80	1.903089987	173	2.238046103	530	2.72427587
Aa4402_2	66	1.819543936	31	1.491361694	100	2	266	2.424881637	557	2.745855195
Aa4402_3	76.5	1.883661435	34	1.531478917	80	1.903089987	121	2.08278537	515.5	2.71222867
Aa4402_4	66	1.819543936	30	1.477121255	80	1.903089987	32	1.505149978	167.9	2.225050696
Aa4402_5	69.5	1.841984805	40	1.602059991	70	1.84509804	127	2.103803721	215.6	2.333648757
Aa4402_6	66	1.819543936	40	1.602059991	85	1.929418926	142	2.152288344	340	2.531478917
Aa4402_7	66	1.819543936	20	1.301029996	40	1.602059991	18	1.255272505	46.7	1.669316881
Aa4402_8	66	1.819543936	39	1.591064607	100	2	97	1.986771734	411.9	2.614791792
Aa4403_1	80	1.903089987	30	1.477121255	85	1.929418926	63	1.799340549	410	2.612783857
Aa4403_2	66	1.819543936	35	1.544068044	60	1.77815125	74	1.86923172	244.4	2.388101202
Aa4403_3	100	2	10	1	85	1.929418926	217	2.336459734	661.1	2.820267157
Aa4403_4	80	1.903089987	40	1.602059991	70	1.84509804	60	1.77815125	230.7	2.363047595
Aa4403_5	100	2	30	1.477121255	85	1.929418926	175	2.243038049	923.7	2.965530944
Aa4403_6	80	1.903089987	40	1.602059991	90	1.954242509	205	2.311753861	964.2	2.984167127
Aa4403_7	100	2	25	1.397940009	75	1.875061263	126	2.100370545	393.1	2.594503044
Aa4403_8	73	1.86332286	40	1.602059991	90	1.954242509	130	2.113943352	492.9	2.692758818
Aa4405_1	69.5	1.841984805	27	1.431363764	30	1.477121255	7	0.84509804	47.3	1.674861141
Aa4405_2	80	1.903089987	40	1.602059991	65	1.812913357	15	1.176091259	132.4	2.121887985
Aa4405_3	80	1.903089987	35	1.544068044	60	1.77815125	12	1.079181246	51.9	1.715167358
Aa4405_4	69.91141732	1.830167253	38.67735471	1.554683041	47.85571142	1.600288068	49.11044177	1.483089826	304.2541616	2.107640136
Aa4405_5	69.91141732	1.830167253	38.67735471	1.554683041	47.85571142	1.600288068	49.11044177	1.483089826	304.2541616	2.107640136
Aa4405_6	69.91141732	1.830167253	38.67735471	1.554683041	47.85571142	1.600288068	49.11044177	1.483089826	304.2541616	2.107640136
Aa4405_7	69.91141732	1.830167253	38.67735471	1.554683041	47.85571142	1.600288068	49.11044177	1.483089826	304.2541616	2.107640136
Aa4405_8	69.91141732	1.830167253	38.67735471	1.554683041	47.85571142	1.600288068	49.11044177	1.483089826	304.2541616	2.107640136
Aa4406_1	80	1.903089987	50	1.698970004	40	1.602059991	6	0.77815125	50.9	1.706717782
Aa4406_2	69.91141732	1.830167253	38.67735471	1.554683041	47.85571142	1.600288068	49.11044177	1.483089826	304.2541616	2.107640136
Aa4406_3	100	2	50	1.698970004	20	1.301029996	5	0.698970004	24.1	1.382017043
Aa4406_4	80	1.903089987	43	1.633468456	55	1.740362689	11	1.041392685	69.7	1.843232778
Aa4406_5	80	1.903089987	48	1.681241237	60	1.77815125	10	1	304.2541616	2.107640136
Aa4406_6	80	1.903089987	50	1.698970004	35	1.544068044	7	0.84509804	73.3	1.865103975
Aa4406_7	80	1.903089987	35	1.544068044	40	1.602059991	17	1.230448921	83.9	1.923761961
Aa4406_8	69.91141732	1.830167253	38.67735471	1.554683041	47.85571142	1.600288068	49.11044177	1.483089826	304.2541616	2.107640136
Aa4437_1	69.91141732	1.830167253	38.67735471	1.554683041	47.85571142	1.600288068	49.11044177	1.483089826	304.2541616	2.107640136
Aa4437_2	100	2	16	1.204119983	23	1.361727836	23	1.361727836	30.4	1.482873584
Aa4437_3	69.91141732	1.830167253	38.67735471	1.554683041	47.85571142	1.600288068	49.11044177	1.483089826	304.2541616	2.107640136
Aa4437_4	69.91141732	1.830167253	38.67735471	1.554683041	47.85571142	1.600288068	49.11044177	1.483089826	304.2541616	2.107640136
Aa4437_5	69.91141732	1.830167253	38.67735471	1.554683041	47.85571142	1.600288068	49.11044177	1.483089826	304.2541616	2.107640136
Aa4437_6	69.91141732	1.830167253	38.67735471	1.554683041	47.85571142	1.600288068	49.11044177	1.483089826	304.2541616	2.107640136
Aa4437_7	69.91141732	1.830167253	38.67735471	1.554683041	47.85571142	1.600288068	49.11044177	1.483089826	304.2541616	2.107640136
Aa4437_8	69.91141732	1.830167253	38.67735471	1.554683041	47.85571142	1.600288068	49.11044177	1.483089826	304.2541616	2.107640136
Aa4438_1	59	1.770852012	50	1.698970004	20	1.301029996	54	1.73239376	331.4	2.520352504
Aa4438_2	66	1.819543936	40	1.602059991	25	1.397940009	28	1.447158031	186.7	2.271144318
Aa4438_3	59	1.770852012	62	1.792391689	20	1.301029996	34	1.531478917	347.7	2.541204691
Aa4438_4	45	1.653212514	52	1.716003344	27	1.431363764	69	1.838849091	475.8	2.677424438
Aa4438_5	59	1.770852012	39	1.591064607	18	1.255272505	22	1.342422681	104	2.017033339
Aa4438_6	45	1.653212514	36	1.556302501	25	1.397940009	65	1.812913357	202.5	2.306425028
Aa4438_7	59	1.770852012	54	1.73239376	27	1.431363764	77	1.886490725	556.5	2.745465169
Aa4438_8	69.5	1.841984805	37	1.568201724	12	1.079181246	15	1.176091259	151	2.178976947
Aa4439_1	69.91141732	1.830167253	38.67735471	1.554683041	47.85571142	1.600288068	49.11044177	1.483089826	304.2541616	2.107640136
Aa4439_2	69.91141732	1.830167253	38.67735471	1.554683041	47.85571142	1.600288068	49.11044177	1.483089826	304.2541616	2.107640136
Aa4439_3	73	1.86332286	15	1.176091259	5	0.698970004	2	0.301029996	1	0
Aa4439_4	69.91141732	1.830167253	38.67735471	1.554683041	47.85571142	1.600288068	49.11044177	1.483089826	304.2541616	2.107640136
Aa4439_5	100	2	40	1.602059991	30	1.477121255	8	0.903089987	33	1.51851394
Aa4439_6	73	1.86332286	53	1.72427587	45	1.653212514	16	1.204119983	98	1.991226076
Aa4439_7	73	1.86332286	36	1.556302501	30	1.477121255	32	1.505149978	61	1.785329835
Aa4439_8	73	1.86332286	36	1.556302501	50	1.698970004	12	1.079181246	25	1.397940009
Aa4441_1	69.91141732	1.830167253	38.67735471	1.554683041	47.85571142	1.600288068	49.11044177	1.483089826	304.2541616	2.107640136
Aa4441_2	69.91141732	1.830167253	38.67735471	1.554683041	47.85571142	1.600288068	49.11044177	1.483089826	304.2541616	2.107640136
Aa4441_3	69.91141732	1.830167253	38.67735471	1.554683041	47.85571142	1.600288068	49.11044177	1.483089826	304.2541616	2.107640136
Aa4441_4	69.5	1.841984805	32	1.505149978	40	1.602059991	67	1.826074803	148.2	2.170848204
Aa4441_5	69.5	1.841984805	20	1.301029996	40	1.602059991	51	1.707570176	160	2.204119983
Aa4441_6	100	2	10	1	10	1	15	1.176091259	28.2	1.450249108
Aa4441_7	73	1.86332286	30	1.477121255	40	1.602059991	17	1.230448921	42.7	1.630427875
Aa4441_8	48.5	1.685741739	30	1.477121255	50	1.698970004	75	1.875061263	142	2.152288344
Aa4442_1	62.5	1.795880017	40	1.602059991	75	1.875061263	80	1.903089987	217	2.336459734
Aa4442_2	48.5	1.685741739	49	1.69019608	85	1.929418926	62	1.792391689	326	2.5132176
Aa4442_3	55.5	1.744292983	37	1.568201724	60	1.77815125	74	1.86923172	154	2.187520721
Aa4442_4	66	1.819543936	37	1.568201724	80	1.903089987	79	1.897627091	222	2.346352974
Aa4442_5	45	1.653212514	37	1.568201724	80	1.903089987	62	1.792391689	324	2.51054501
Aa4442_6	45	1.653212514	28	1.447158031	30	1.477121255	13	1.113943352	23	1.361727836
Aa4442_7	59	1.770852012	43	1.633468456	75	1.875061263	34	1.531478917	108	2.033423755
Aa4442_8	45	1.653212514	43	1.633468456	69	1.838849091	53	1.72427587	167	2.222716471
Aa4443_1	52	1.716003344	33	1.51851394	60	1.77815125	18	1.255272505	100.6	2.002597981
Aa4443_2	66	1.819543936	30	1.477121255	75	1.875061263	32	1.505149978	166.4	2.221153322
Aa4443_4	45	1.653212514	38.67735471	1.554683041	47.85571142	1.600288068	49.11044177	1.483089826	304.2541616	2.107640136
Aa4443_5	69.5	1.841984805	39	1.591064607	95	1.977723605	93	1.968482949	669	2.825426118
Aa4443_6	45	1.653212514	33	1.51851394	85	1.929418926	52	1.716003344	358	2.553883027
Aa4443_7	59	1.770852012	35	1.544068044	80	1.903089987	61	1.785329835	313	2.495544338
Aa4443_8	59	1.770852012	38.67735471	1.554683041	47.85571142	1.600288068	49.11044177	1.483089826	304.2541616	2.107640136
Aa4444_1	100	2	58	1.763427994	20	1.301029996	85	1.929418926	1606.6	3.205907763
Aa4444_2	100	2	60	1.77815125	16	1.204119983	49	1.69019608	1073.9	3.030963842
Aa4444_3	100	2	70	1.84509804	15	1.176091259	71	1.851258349	1665.4	3.22151856
Aa4444_4	100	2	70	1.84509804	18	1.255272505	69	1.838849091	1918	3.282848603
Aa4444_5	100	2	72	1.857332496	18	1.255272505	76	1.880813592	1620	3.209515015
Aa4444_6	100	2	52	1.716003344	20	1.301029996	104	2.017033339	747.3	2.873494982
Aa4444_7	100	2	54	1.73239376	19	1.278753601	62	1.792391689	1344.5	3.128560807
Aa4444_8	100	2	61	1.785329835	16	1.204119983	61	1.785329835	1355.6	3.13213156
Aa4445_1	59	1.770852012	38	1.579783597	70	1.84509804	25	1.397940009	201.8	2.304921162
Aa4445_2	69.5	1.841984805	43	1.633468456	35	1.544068044	23	1.361727836	148.8	2.172602931
Aa4445_3	62.5	1.795880017	40	1.602059991	80	1.903089987	26	1.414973348	299	2.475671188
Aa4445_4	62.5	1.795880017	42	1.62324929	75	1.875061263	43	1.633468456	401.1	2.603252662
Aa4445_5	59	1.770852012	50	1.698970004	45	1.653212514	37	1.568201724	131.7	2.119585775
Aa4445_6	45	1.653212514	51	1.707570176	65	1.812913357	23	1.361727836	255	2.40654018
Aa4445_7	62.5	1.795880017	44	1.643452676	60	1.77815125	26	1.414973348	232.2	2.365862215
Aa4445_8	69.91141732	1.830167253	38.67735471	1.554683041	47.85571142	1.600288068	49.11044177	1.483089826	304.2541616	2.107640136
Aa4446_1	55.5	1.744292983	35	1.544068044	30	1.477121255	49	1.69019608	31.4	1.496929648
Aa4446_2	59	1.770852012	40	1.602059991	30	1.477121255	30	1.477121255	47.7	1.678518379
Aa4446_3	62.5	1.795880017	55	1.740362689	35	1.544068044	10	1	53.4	1.727541257
Aa4446_4	69.91141732	1.830167253	38.67735471	1.554683041	47.85571142	1.600288068	49.11044177	1.483089826	304.2541616	2.107640136
Aa4446_5	69.91141732	1.830167253	38.67735471	1.554683041	47.85571142	1.600288068	49.11044177	1.483089826	304.2541616	2.107640136
Aa4446_6	69.91141732	1.830167253	38.67735471	1.554683041	47.85571142	1.600288068	49.11044177	1.483089826	304.2541616	2.107640136
Aa4446_7	69.91141732	1.830167253	38.67735471	1.554683041	47.85571142	1.600288068	49.11044177	1.483089826	304.2541616	2.107640136
Aa4446_8	69.91141732	1.830167253	38.67735471	1.554683041	47.85571142	1.600288068	49.11044177	1.483089826	304.2541616	2.107640136
Aa4447_1	69.91141732	1.830167253	38.67735471	1.554683041	47.85571142	1.600288068	49.11044177	1.483089826	304.2541616	2.107640136
Aa4447_2	59	1.770852012	53	1.72427587	80	1.903089987	79	1.897627091	692.2	2.840231595
Aa4447_4	59	1.770852012	59	1.770852012	100	2	40	1.602059991	402.8	2.605089462
Aa4447_5	59	1.770852012	54	1.73239376	100	2	68	1.832508913	619.4	2.791971201
Aa4447_6	100	2	33	1.51851394	23	1.361727836	5	0.698970004	23.2	1.365487985
Aa4447_7	48.5	1.685741739	50	1.698970004	75	1.875061263	43	1.633468456	336.7	2.527243116
Aa4447_8	52	1.716003344	50	1.698970004	75	1.875061263	41	1.612783857	728.9	2.86266795
Aa4448_1	52	1.716003344	36	1.556302501	20	1.301029996	26	1.414973348	108.6	2.035829825
Aa4448_2	69.5	1.841984805	40	1.602059991	20	1.301029996	15	1.176091259	189.3	2.277150614
Aa4448_3	66	1.819543936	30	1.477121255	16	1.204119983	7	0.84509804	29	1.462397998
Aa4448_4	100	2	35	1.544068044	12	1.079181246	13	1.113943352	67.6	1.829946696
Aa4448_5	62.5	1.795880017	40	1.602059991	10	1	62	1.792391689	634	2.802089258
Aa4448_6	100	2	17	1.230448921	10	1	4	0.602059991	15	1.176091259
Aa4448_7	69.91141732	1.830167253	38.67735471	1.554683041	47.85571142	1.600288068	49.11044177	1.483089826	304.2541616	2.107640136
Aa4448_8	69.5	1.841984805	27	1.431363764	10	1	5	0.698970004	15.6	1.193124598
Aa4449_1	69.91141732	1.830167253	38.67735471	1.554683041	47.85571142	1.600288068	49.11044177	1.483089826	304.2541616	2.107640136
Aa4449_2	69.91141732	1.830167253	38.67735471	1.554683041	47.85571142	1.600288068	49.11044177	1.483089826	304.2541616	2.107640136
Aa4449_3	45	1.653212514	38.67735471	1.554683041	47.85571142	1.600288068	49.11044177	1.483089826	304.2541616	2.107640136
Aa4449_4	45	1.653212514	38.67735471	1.554683041	47.85571142	1.600288068	49.11044177	1.483089826	304.2541616	2.107640136
Aa4449_5	66	1.819543936	32	1.505149978	20	1.301029996	4	0.602059991	13.6	1.133538908
Aa4449_6	66	1.819543936	40	1.602059991	20	1.301029996	21	1.322219295	64.4	1.808885867
Aa4449_7	45	1.653212514	38.67735471	1.554683041	47.85571142	1.600288068	49.11044177	1.483089826	304.2541616	2.107640136
Aa4449_8	69.91141732	1.830167253	38.67735471	1.554683041	47.85571142	1.600288068	49.11044177	1.483089826	304.2541616	2.107640136
Aa4450_1	69.91141732	1.830167253	38.67735471	1.554683041	47.85571142	1.600288068	49.11044177	1.483089826	304.2541616	2.107640136
Aa4450_2	59	1.770852012	32	1.505149978	20	1.301029996	6	0.77815125	9	0.954242509
Aa4450_3	59	1.770852012	36	1.556302501	30	1.477121255	10	1	14.45	1.159867847
Aa4450_4	59	1.770852012	35	1.544068044	30	1.477121255	3	0.477121255	2.8	0.447158031
Aa4450_5	48.5	1.685741739	44	1.643452676	60	1.77815125	20	1.301029996	98.1	1.991669007
Aa4450_6	69.91141732	1.830167253	38.67735471	1.554683041	47.85571142	1.600288068	49.11044177	1.483089826	304.2541616	2.107640136
Aa4450_7	69.91141732	1.830167253	38.67735471	1.554683041	47.85571142	1.600288068	49.11044177	1.483089826	304.2541616	2.107640136
Aa4450_8	45	1.653212514	38.67735471	1.554683041	47.85571142	1.600288068	49.11044177	1.483089826	304.2541616	2.107640136
Aa4451_1	69.91141732	1.830167253	38.67735471	1.554683041	47.85571142	1.600288068	49.11044177	1.483089826	304.2541616	2.107640136
Aa4451_3	45	1.653212514	34	1.531478917	20	1.301029996	16	1.204119983	29.3	1.46686762
Aa4451_4	69.91141732	1.830167253	38.67735471	1.554683041	47.85571142	1.600288068	49.11044177	1.483089826	304.2541616	2.107640136
Aa4451_5	45	1.653212514	50	1.698970004	70	1.84509804	44	1.643452676	184.9	2.266936911
Aa4451_7	69.91141732	1.830167253	38.67735471	1.554683041	47.85571142	1.600288068	49.11044177	1.483089826	304.2541616	2.107640136
Aa4451_8	69.91141732	1.830167253	38.67735471	1.554683041	47.85571142	1.600288068	49.11044177	1.483089826	304.2541616	2.107640136
Aa4452_1	69.91141732	1.830167253	38.67735471	1.554683041	47.85571142	1.600288068	49.11044177	1.483089826	304.2541616	2.107640136
Aa4452_2	69.5	1.841984805	11	1.041392685	23	1.361727836	13	1.113943352	4.2	0.62324929
Aa4452_3	100	2	8	0.903089987	22	1.342422681	21	1.322219295	25.1	1.399673721
Aa4452_4	100	2	17	1.230448921	80	1.903089987	30	1.477121255	174.8	2.242541428
Aa4452_5	69.91141732	1.830167253	38.67735471	1.554683041	47.85571142	1.600288068	49.11044177	1.483089826	304.2541616	2.107640136
Aa4452_6	69.91141732	1.830167253	38.67735471	1.554683041	47.85571142	1.600288068	49.11044177	1.483089826	304.2541616	2.107640136
Aa4452_7	69.91141732	1.830167253	38.67735471	1.554683041	47.85571142	1.600288068	49.11044177	1.483089826	304.2541616	2.107640136
Aa4452_8	69.91141732	1.830167253	38.67735471	1.554683041	47.85571142	1.600288068	49.11044177	1.483089826	304.2541616	2.107640136
Aa4453_1	69.91141732	1.830167253	38.67735471	1.554683041	47.85571142	1.600288068	49.11044177	1.483089826	304.2541616	2.107640136
Aa4453_2	69.91141732	1.830167253	38.67735471	1.554683041	47.85571142	1.600288068	49.11044177	1.483089826	304.2541616	2.107640136
Aa4453_3	69.91141732	1.830167253	38.67735471	1.554683041	47.85571142	1.600288068	49.11044177	1.483089826	304.2541616	2.107640136
Aa4453_4	100	2	28	1.447158031	30	1.477121255	43	1.633468456	115.4	2.062205809
Aa4453_5	69.91141732	1.830167253	38.67735471	1.554683041	47.85571142	1.600288068	49.11044177	1.483089826	304.2541616	2.107640136
Aa4453_6	100	2	21	1.322219295	18	1.255272505	16	1.204119983	17	1.230448921
Aa4453_7	100	2	18	1.255272505	20	1.301029996	30	1.477121255	54	1.73239376
Aa4453_8	100	2	20	1.301029996	35	1.544068044	24	1.380211242	76	1.880813592
Aa4454_1	69.91141732	1.830167253	38.67735471	1.554683041	47.85571142	1.600288068	49.11044177	1.483089826	304.2541616	2.107640136
Aa4454_2	69.91141732	1.830167253	38.67735471	1.554683041	47.85571142	1.600288068	49.11044177	1.483089826	304.2541616	2.107640136
Aa4454_3	69.91141732	1.830167253	38.67735471	1.554683041	47.85571142	1.600288068	49.11044177	1.483089826	304.2541616	2.107640136
Aa4454_4	69.91141732	1.830167253	38.67735471	1.554683041	47.85571142	1.600288068	49.11044177	1.483089826	304.2541616	2.107640136
Aa4454_5	69.91141732	1.830167253	38.67735471	1.554683041	47.85571142	1.600288068	49.11044177	1.483089826	304.2541616	2.107640136
Aa4454_6	41.5	1.618048097	40	1.602059991	35	1.544068044	10	1	41	1.612783857
Aa4454_7	48.5	1.685741739	38.67735471	1.554683041	47.85571142	1.600288068	49.11044177	1.483089826	304.2541616	2.107640136
Aa4454_8	69.91141732	1.830167253	38.67735471	1.554683041	47.85571142	1.600288068	49.11044177	1.483089826	304.2541616	2.107640136
Aa4456_1	69.91141732	1.830167253	38.67735471	1.554683041	47.85571142	1.600288068	49.11044177	1.483089826	304.2541616	2.107640136
Aa4456_2	45	1.653212514	44	1.643452676	26	1.414973348	40	1.602059991	95.8	1.981365509
Aa4456_3	45	1.653212514	55	1.740362689	19	1.278753601	40	1.602059991	153.9	2.18723862
Aa4456_4	59	1.770852012	54	1.73239376	20	1.301029996	24	1.380211242	123.4	2.09131516
Aa4456_5	59	1.770852012	53	1.72427587	27	1.431363764	20	1.301029996	143.6	2.15715444
Aa4456_6	45	1.653212514	36	1.556302501	18	1.255272505	16	1.204119983	53.8	1.730782276
Aa4456_7	45	1.653212514	43	1.633468456	27	1.431363764	31	1.491361694	85.8	1.933487288
Aa4456_8	45	1.653212514	57	1.755874856	10	1	19	1.278753601	161.1	2.20709554
Aa4479_1	41.5	1.618048097	58	1.763427994	20	1.301029996	39	1.591064607	171.2	2.23350376
Aa4479_2	48.5	1.685741739	53	1.72427587	25	1.397940009	20	1.301029996	128.2	2.107888025
Aa4479_3	62.5	1.795880017	60	1.77815125	30	1.477121255	55	1.740362689	300.3	2.477555332
Aa4479_4	62.5	1.795880017	51	1.707570176	25	1.397940009	35	1.544068044	172.7	2.237292338
Aa4479_5	48.5	1.685741739	43	1.633468456	27	1.431363764	45	1.653212514	208.4	2.318897715
Aa4479_6	45	1.653212514	47	1.672097858	30	1.477121255	89	1.949390007	364.9	2.562173863
Aa4479_7	59	1.770852012	45	1.653212514	20	1.301029996	19	1.278753601	127.6	2.105850674
Aa4479_8	66	1.819543936	58	1.763427994	25	1.397940009	19	1.278753601	143.7	2.157456768
Aa4480_1	69.5	1.841984805	35	1.544068044	22	1.342422681	21	1.322219295	33	1.51851394
Aa4480_2	69.91141732	1.830167253	38.67735471	1.554683041	47.85571142	1.600288068	49.11044177	1.483089826	304.2541616	2.107640136
Aa4480_3	69.91141732	1.830167253	38.67735471	1.554683041	47.85571142	1.600288068	49.11044177	1.483089826	304.2541616	2.107640136
Aa4480_4	73	1.86332286	25	1.397940009	25	1.397940009	5	0.698970004	14	1.146128036
Aa4480_5	66	1.819543936	38.67735471	1.554683041	47.85571142	1.600288068	49.11044177	1.483089826	304.2541616	2.107640136
Aa4480_6	66	1.819543936	60	1.77815125	100	2	42	1.62324929	311	2.492760389
Aa4480_7	59	1.770852012	35	1.544068044	75	1.875061263	44	1.643452676	181	2.257678575
Aa4480_8	66	1.819543936	60	1.77815125	75	1.875061263	23	1.361727836	95	1.977723605
Aa4482_1	45	1.653212514	40	1.602059991	45	1.653212514	20	1.301029996	45	1.653212514
Aa4482_2	48.5	1.685741739	47	1.672097858	80	1.903089987	43	1.633468456	284	2.45331834
Aa4482_3	41.5	1.618048097	45	1.653212514	60	1.77815125	44	1.643452676	230	2.361727836
Aa4482_4	45	1.653212514	38	1.579783597	55	1.740362689	41	1.612783857	129	2.11058971
Aa4482_5	69.91141732	1.830167253	38.67735471	1.554683041	47.85571142	1.600288068	49.11044177	1.483089826	304.2541616	2.107640136
Aa4482_6	55.5	1.744292983	50	1.698970004	60	1.77815125	25	1.397940009	103	2.012837225
Aa4482_7	69.91141732	1.830167253	38.67735471	1.554683041	47.85571142	1.600288068	49.11044177	1.483089826	304.2541616	2.107640136
Aa4482_8	48.5	1.685741739	48	1.681241237	85	1.929418926	46	1.662757832	400	2.602059991
Aa4483_1	73	1.86332286	32	1.505149978	50	1.698970004	80	1.903089987	86.9	1.939019776
Aa4483_2	80	1.903089987	30	1.477121255	35	1.544068044	17	1.230448921	20.1	1.303196057
Aa4483_3	80	1.903089987	33	1.51851394	35	1.544068044	12	1.079181246	23.4	1.369215857
Aa4483_4	66	1.819543936	35	1.544068044	40	1.602059991	61	1.785329835	71.4	1.853698212
Aa4483_5	100	2	25	1.397940009	30	1.477121255	9	0.954242509	9.1	0.959041392
Aa4483_6	80	1.903089987	33	1.51851394	75	1.875061263	71	1.851258349	191.6	2.282395505
Aa4483_7	100	2	33	1.51851394	55	1.740362689	7	0.84509804	19.2	1.283301229
Aa4483_8	100	2	40	1.602059991	45	1.653212514	107	2.029383778	180.2	2.255754787
Aa4487_1	34.5	1.537819095	47	1.672097858	70	1.84509804	34	1.531478917	194.1	2.288025535
Aa4487_2	38	1.579783597	38	1.579783597	100	2	64	1.806179974	436.8	2.64028263
Aa4487_3	45	1.653212514	43	1.633468456	100	2	54	1.73239376	337.8	2.528659645
Aa4487_4	45	1.653212514	41	1.612783857	50	1.698970004	40	1.602059991	84.8	1.928395852
Aa4487_5	45	1.653212514	17	1.230448921	90	1.954242509	40	1.602059991	319.8	2.504878459
Aa4487_6	48.5	1.685741739	52	1.716003344	70	1.84509804	25	1.397940009	145	2.161368002
Aa4487_7	45	1.653212514	50	1.698970004	75	1.875061263	37	1.568201724	186.4	2.270445908
Aa4487_8	69.91141732	1.830167253	38.67735471	1.554683041	47.85571142	1.600288068	49.11044177	1.483089826	304.2541616	2.107640136
Aa4515_1	45	1.653212514	38	1.579783597	70	1.84509804	22	1.342422681	64.9	1.812244697
Aa4515_2	66	1.819543936	40	1.602059991	100	2	126	2.100370545	405.6	2.608097946
Aa4515_3	45	1.653212514	36	1.556302501	80	1.903089987	117	2.068185862	909.8	2.958945932
Aa4515_4	48.5	1.685741739	37	1.568201724	50	1.698970004	70	1.84509804	242.7	2.385069776
Aa4515_5	59	1.770852012	30	1.477121255	80	1.903089987	32	1.505149978	277.5	2.443262987
Aa4515_6	45	1.653212514	38	1.579783597	60	1.77815125	86	1.934498451	135.3	2.131297797
Aa4515_7	55.5	1.744292983	47	1.672097858	100	2	150	2.176091259	888.2	2.948510769
Aa4515_8	48.5	1.685741739	33	1.51851394	75	1.875061263	99	1.995635195	534.8	2.728191399
Aa4517_1	66	1.819543936	20	1.301029996	38	1.579783597	20	1.301029996	10	1
Aa4517_2	100	2	21	1.322219295	30	1.477121255	2	0.301029996	2	0.301029996
Aa4517_3	69.5	1.841984805	30	1.477121255	50	1.698970004	6	0.77815125	10	1
Aa4517_4	69.5	1.841984805	21	1.322219295	45	1.653212514	5	0.698970004	4	0.602059991
Aa4517_5	59	1.770852012	21	1.322219295	35	1.544068044	5	0.698970004	3	0.477121255
Aa4517_6	80	1.903089987	8	0.903089987	38	1.579783597	15	1.176091259	10	1
Aa4517_7	73	1.86332286	26	1.414973348	35	1.544068044	5	0.698970004	16	1.204119983
Aa4517_8	69.91141732	1.830167253	38.67735471	1.554683041	47.85571142	1.600288068	49.11044177	1.483089826	304.2541616	2.107640136
Aa4519_1	45	1.653212514	30	1.477121255	50	1.698970004	19	1.278753601	31.5	1.498310554
Aa4519_2	48.5	1.685741739	30	1.477121255	55	1.740362689	30	1.477121255	32	1.505149978
Aa4519_3	62.5	1.795880017	45	1.653212514	80	1.903089987	32	1.505149978	61.8	1.790988475
Aa4519_4	59	1.770852012	45	1.653212514	65	1.812913357	35	1.544068044	91	1.959041392
Aa4519_5	69.5	1.841984805	34	1.531478917	40	1.602059991	37	1.568201724	39.8	1.599883072
Aa4519_6	59	1.770852012	40	1.602059991	50	1.698970004	45	1.653212514	45.8	1.660865478
Aa4519_7	59	1.770852012	22	1.342422681	60	1.77815125	5	0.698970004	14.2	1.152288344
Aa4519_8	59	1.770852012	19	1.278753601	30	1.477121255	18	1.255272505	28.6	1.456366033
Aa4522_1	59	1.770852012	30	1.477121255	55	1.740362689	6	0.77815125	11.51	1.061075324
Aa4522_2	55.5	1.744292983	22	1.342422681	65	1.812913357	57	1.755874856	198.1	2.296884476
Aa4522_3	55.5	1.744292983	40	1.602059991	75	1.875061263	60	1.77815125	163.7	2.214048679
Aa4522_4	62.5	1.795880017	35	1.544068044	42	1.62324929	30	1.477121255	45.4	1.657055853
Aa4522_5	62.5	1.795880017	25	1.397940009	70	1.84509804	40	1.602059991	59.7	1.775974331
Aa4522_6	27.5	1.439332694	31	1.491361694	66	1.819543936	27	1.431363764	35.8	1.553883027
Aa4522_7	45	1.653212514	30	1.477121255	57	1.755874856	25	1.397940009	47.2	1.673941999
Aa4522_8	45	1.653212514	24	1.380211242	62	1.792391689	34	1.531478917	144.8	2.160768562
Aa4523_1	45	1.653212514	40	1.602059991	65	1.812913357	45	1.653212514	123	2.089905111
Aa4523_2	45	1.653212514	38	1.579783597	75	1.875061263	65	1.812913357	115	2.06069784
Aa4523_3	41.5	1.618048097	42	1.62324929	90	1.954242509	121	2.08278537	202	2.305351369
Aa4523_4	48.5	1.685741739	50	1.698970004	100	2	157	2.195899652	376	2.575187845
Aa4523_5	55.5	1.744292983	20	1.301029996	80	1.903089987	15	1.176091259	66	1.819543936
Aa4523_6	69.5	1.841984805	20	1.301029996	40	1.602059991	23	1.361727836	42	1.62324929
Aa4523_7	69.5	1.841984805	25	1.397940009	40	1.602059991	12	1.079181246	19	1.278753601
Aa4523_8	66	1.819543936	55	1.740362689	80	1.903089987	38	1.579783597	91	1.959041392
Aa4525_1	66	1.819543936	18	1.255272505	47	1.672097858	62	1.792391689	98.8	1.994756945
Aa4525_2	62.5	1.795880017	35	1.544068044	67	1.826074803	194	2.28780173	270.4	2.432006687
Aa4525_3	66	1.819543936	15	1.176091259	90	1.954242509	71	1.851258349	399.7	2.601734148
Aa4525_4	80	1.903089987	12	1.079181246	60	1.77815125	39	1.591064607	99	1.995635195
Aa4525_5	73	1.86332286	30	1.477121255	80	1.903089987	114	2.056904851	358.1	2.554004321
Aa4525_6	48.5	1.685741739	32	1.505149978	75	1.875061263	215	2.33243846	361.1	2.557627488
Aa4525_7	66	1.819543936	30	1.477121255	60	1.77815125	131	2.117271296	141.7	2.15136985
Aa4525_8	48.5	1.685741739	33	1.51851394	80	1.903089987	53	1.72427587	148	2.170261715
Aa4554_1	62.5	1.795880017	60	1.77815125	17	1.230448921	45	1.653212514	254.7	2.406028945
Aa4554_10	66	1.819543936	60	1.77815125	100	2	10	1	127	2.103803721
Aa4554_11	66	1.819543936	52	1.716003344	35	1.544068044	47	1.672097858	592.5	2.772688355
Aa4554_12	69.5	1.841984805	60	1.77815125	70	1.84509804	50	1.698970004	196	2.292256071
Aa4554_13	62.5	1.795880017	40	1.602059991	50	1.698970004	14	1.146128036	114.6	2.059184618
Aa4554_14	66	1.819543936	30	1.477121255	95	1.977723605	44	1.643452676	90.2	1.955206538
Aa4554_15	80	1.903089987	52	1.716003344	20	1.301029996	16	1.204119983	240.2	2.380573003
Aa4554_16	69.5	1.841984805	50	1.698970004	70	1.84509804	21	1.322219295	255.4	2.407220893
Aa4554_2	66	1.819543936	72	1.857332496	16	1.204119983	29	1.462397998	268.1	2.428296814
Aa4554_3	62.5	1.795880017	65	1.812913357	23	1.361727836	83	1.919078092	590.5	2.771219902
Aa4554_4	62.5	1.795880017	71	1.851258349	20	1.301029996	15	1.176091259	350	2.544068044
Aa4554_5	59	1.770852012	75	1.875061263	11	1.041392685	44	1.643452676	326	2.5132176
Aa4554_6	62.5	1.795880017	52	1.716003344	19	1.278753601	41	1.612783857	282.5	2.451018452
Aa4554_7	66	1.819543936	60	1.77815125	16	1.204119983	61	1.785329835	529.3	2.723701894
Aa4554_8	62.5	1.795880017	70	1.84509804	20	1.301029996	49	1.69019608	651.9	2.814180981
Aa4554_9	59	1.770852012	60	1.77815125	85	1.929418926	83	1.919078092	458.4	2.661244609
Aa4939_1	80	1.903089987	21	1.322219295	50	1.698970004	95	1.977723605	201.5	2.30427505
Aa4939_10	80	1.903089987	35	1.544068044	55	1.740362689	151	2.178976947	327.1	2.514680544
Aa4939_12	100	2	20	1.301029996	25	1.397940009	91	1.959041392	70.9	1.850646235
Aa4939_13	80	1.903089987	43	1.633468456	75	1.875061263	92	1.963787827	625.8	2.796435559
Aa4939_14	80	1.903089987	39	1.591064607	50	1.698970004	24	1.380211242	135.8	2.13289977
Aa4939_15	100	2	32	1.505149978	55	1.740362689	143	2.155336037	369.2	2.567261692
Aa4939_16	80	1.903089987	32	1.505149978	55	1.740362689	61	1.785329835	134.5	2.128722284
Aa4939_2	80	1.903089987	50	1.698970004	115	2.06069784	179	2.252853031	1551	3.190611798
Aa4939_3	80	1.903089987	47	1.672097858	100	2	140	2.146128036	1052.8	3.022345876
Aa4939_4	80	1.903089987	40	1.602059991	85	1.929418926	107	2.029383778	499.3	2.698361566
Aa4939_5	80	1.903089987	49	1.69019608	90	1.954242509	117	2.068185862	891.3	2.950023907
Aa4939_6	80	1.903089987	40	1.602059991	75	1.875061263	129	2.11058971	798.7	2.902383684
Aa4939_7	100	2	33	1.51851394	75	1.875061263	32	1.505149978	118.4	2.073351702
Aa4939_8	80	1.903089987	42	1.62324929	110	2.041392685	213	2.328379603	1156.6	3.063183188
Aa4939_9	100	2	31	1.491361694	40	1.602059991	29	1.462397998	78.1	1.892651034
Aa4940_1	73	1.86332286	36	1.556302501	110	2.041392685	156	2.193124598	1562.1	3.193708832
Aa4940_10	73	1.86332286	50	1.698970004	100	2	135	2.130333768	1448	3.160768562
Aa4940_11	80	1.903089987	40	1.602059991	80	1.903089987	123	2.089905111	934	2.970346876
Aa4940_12	100	2	40	1.602059991	95	1.977723605	113	2.053078443	1151	3.061075324
Aa4940_13	80	1.903089987	45	1.653212514	75	1.875061263	176	2.245512668	1047	3.019946682
Aa4940_14	100	2	40	1.602059991	110	2.041392685	125	2.096910013	1636	3.213783299
Aa4940_16	80	1.903089987	43	1.633468456	75	1.875061263	81	1.908485019	652	2.814247596
Aa4940_2	69.5	1.841984805	40	1.602059991	100	2	150	2.176091259	1618.9	3.209220023
Aa4940_3	80	1.903089987	45	1.653212514	100	2	165	2.217483944	1615.3	3.208253193
Aa4940_4	80	1.903089987	43	1.633468456	125	2.096910013	143	2.155336037	1679.1	3.225076562
Aa4940_5	73	1.86332286	38	1.579783597	81	1.908485019	89	1.949390007	394	2.595496222
Aa4940_6	100	2	34	1.531478917	85	1.929418926	146	2.164352856	1232.6	3.090822163
Aa4940_7	100	2	36	1.556302501	120	2.079181246	170	2.230448921	2075.1	3.31703903
Aa4940_8	73	1.86332286	30	1.477121255	115	2.06069784	142	2.152288344	1390.4	3.143139759
Aa4940_9	80	1.903089987	48	1.681241237	90	1.954242509	187	2.271841607	1258	3.099680641
S543_1	69.5	1.841984805	68	1.832508913	20	1.301029996	78	1.892094603	1168.9	3.067777359
S543_10	69.91141732	1.830167253	38.67735471	1.554683041	47.85571142	1.600288068	49.11044177	1.483089826	304.2541616	2.107640136
S543_11	66	1.819543936	40	1.602059991	30	1.477121255	61	1.785329835	795.8	2.900803935
S543_12	62.5	1.795880017	45	1.653212514	25	1.397940009	67	1.826074803	798.6	2.902329306
S543_13	66	1.819543936	45	1.653212514	15	1.176091259	63	1.799340549	322	2.507855872
S543_14	73	1.86332286	50	1.698970004	20	1.301029996	18	1.255272505	259.2	2.413634997
S543_15	100	2	48	1.681241237	13	1.113943352	15	1.176091259	147	2.167317335
S543_16	69.91141732	1.830167253	38.67735471	1.554683041	47.85571142	1.600288068	49.11044177	1.483089826	304.2541616	2.107640136
S543_2	66	1.819543936	68	1.832508913	18	1.255272505	51	1.707570176	881	2.944975908
S543_3	69.5	1.841984805	53	1.72427587	15	1.176091259	49	1.69019608	316.4	2.500236475
S543_4	66	1.819543936	62	1.792391689	18	1.255272505	92	1.963787827	901.9	2.955158387
S543_5	66	1.819543936	65	1.812913357	23	1.361727836	40	1.602059991	477.9	2.679337031
S543_6	66	1.819543936	68	1.832508913	26	1.414973348	92	1.963787827	1099.8	3.041313715
S543_7	66	1.819543936	38	1.579783597	17	1.230448921	27	1.431363764	83.5	1.921686475
S543_8	62.5	1.795880017	47	1.672097858	25	1.397940009	38	1.579783597	332.9	2.522313795
S543_9	59	1.770852012	42	1.62324929	26	1.414973348	48	1.681241237	266.7	2.426023016
