Ecotype	Q1	Q2	Q3	Q4	Q5	Q6	Q7	Q8	Q9
Aa3506_1	0.108	0.109	0.109	0.111	0.11	0.115	0.114	0.112	0.112
Aa3506_2	0.109	0.11	0.114	0.111	0.108	0.109	0.11	0.113	0.117
Aa3506_3	0.109	0.115	0.114	0.111	0.114	0.116	0.111	0.102	0.107
Aa3506_4	0.111	0.107	0.111	0.109	0.108	0.117	0.112	0.116	0.11
Aa3506_5	0.106	0.109	0.109	0.114	0.126	0.112	0.11	0.107	0.108
Aa3506_7	0.117	0.113	0.113	0.101	0.114	0.111	0.106	0.116	0.109
Aa3506_8	0.108	0.107	0.113	0.121	0.11	0.112	0.105	0.11	0.114
Aa3507_1	0.114	0.112	0.11	0.109	0.112	0.112	0.114	0.109	0.108
Aa3507_2	0.108	0.11	0.114	0.117	0.113	0.114	0.109	0.11	0.104
Aa3507_3	0.11	0.111	0.108	0.112	0.109	0.117	0.114	0.109	0.111
Aa3507_4	0.103	0.119	0.109	0.106	0.113	0.112	0.109	0.115	0.114
Aa3507_5	0.104	0.112	0.109	0.111	0.115	0.11	0.119	0.11	0.11
Aa3507_6	0.116	0.112	0.109	0.111	0.117	0.104	0.109	0.121	0.102
Aa3507_7	0.11	0.106	0.112	0.115	0.106	0.114	0.113	0.111	0.112
Aa3507_8	0.109	0.112	0.114	0.111	0.109	0.11	0.106	0.115	0.114
Aa4000_1	0.106	0.109	0.109	0.111	0.104	0.114	0.117	0.113	0.117
Aa4000_2	0.116	0.118	0.108	0.11	0.118	0.107	0.104	0.108	0.112
Aa4000_3	0.105	0.111	0.12	0.113	0.116	0.11	0.11	0.108	0.107
Aa4000_4	0.11	0.109	0.115	0.115	0.116	0.118	0.107	0.112	0.098
Aa4000_5	0.103	0.111	0.114	0.115	0.106	0.111	0.112	0.109	0.119
Aa4000_6	0.106	0.114	0.117	0.114	0.105	0.111	0.109	0.108	0.117
Aa4000_7	0.112	0.108	0.106	0.115	0.108	0.111	0.111	0.114	0.114
Aa4000_8	0.116	0.115	0.106	0.107	0.115	0.113	0.109	0.1	0.119
Aa4013_1	0.111	0.106	0.11	0.109	0.111	0.112	0.111	0.117	0.113
Aa4013_2	0.11	0.11	0.113	0.108	0.114	0.106	0.112	0.112	0.113
Aa4013_3	0.114	0.107	0.12	0.106	0.119	0.111	0.104	0.11	0.11
Aa4013_4	0.112	0.111	0.121	0.111	0.116	0.114	0.107	0.105	0.103
Aa4013_5	0.11	0.11	0.109	0.104	0.112	0.113	0.115	0.115	0.111
Aa4013_6	0.108	0.11	0.116	0.112	0.114	0.114	0.103	0.11	0.113
Aa4013_7	0.113	0.109	0.113	0.106	0.124	0.111	0.115	0.101	0.11
Aa4013_8	0.108	0.112	0.116	0.117	0.116	0.114	0.105	0.107	0.106
Aa4031_1	0.113	0.117	0.107	0.114	0.109	0.111	0.111	0.114	0.104
Aa4031_2	0.104	0.108	0.116	0.112	0.107	0.114	0.11	0.118	0.11
Aa4031_3	0.108	0.105	0.114	0.108	0.117	0.108	0.116	0.105	0.118
Aa4031_4	0.109	0.119	0.112	0.108	0.105	0.104	0.116	0.116	0.109
Aa4031_5	0.113	0.114	0.115	0.114	0.119	0.1	0.108	0.106	0.109
Aa4031_6	0.111	0.108	0.115	0.109	0.108	0.108	0.113	0.117	0.112
Aa4031_7	0.11	0.113	0.107	0.11	0.117	0.11	0.111	0.11	0.113
Aa4031_8	0.117	0.114	0.11	0.102	0.109	0.11	0.11	0.113	0.114
Aa4038_1	0.112	0.112	0.112	0.116	0.106	0.107	0.109	0.112	0.113
Aa4038_2	0.106	0.115	0.11	0.111	0.116	0.112	0.112	0.112	0.105
Aa4038_3	0.115	0.115	0.111	0.108	0.112	0.11	0.116	0.102	0.11
Aa4038_4	0.111	0.109	0.109	0.108	0.113	0.118	0.109	0.112	0.11
Aa4038_5	0.105	0.119	0.116	0.107	0.114	0.11	0.105	0.113	0.11
Aa4038_6	0.115	0.107	0.117	0.103	0.115	0.116	0.103	0.114	0.11
Aa4038_7	0.108	0.111	0.104	0.113	0.112	0.108	0.116	0.117	0.11
Aa4038_8	0.109	0.105	0.109	0.115	0.111	0.115	0.112	0.106	0.116
Aa4042_1	0.113	0.101	0.111	0.108	0.108	0.126	0.11	0.109	0.113
Aa4042_2	0.111	0.108	0.113	0.111	0.116	0.107	0.109	0.119	0.106
Aa4042_3	0.111	0.11	0.107	0.109	0.114	0.11	0.111	0.12	0.106
Aa4042_4	0.103	0.111	0.12	0.115	0.109	0.108	0.111	0.111	0.112
Aa4042_5	0.102	0.112	0.117	0.112	0.11	0.117	0.111	0.111	0.109
Aa4042_6	0.112	0.11	0.111	0.112	0.113	0.112	0.107	0.108	0.117
Aa4042_7	0.114	0.112	0.108	0.113	0.107	0.115	0.112	0.108	0.111
Aa4042_8	0.108	0.107	0.114	0.111	0.114	0.112	0.111	0.108	0.114
Aa4177_1	0.112	0.108	0.115	0.115	0.114	0.113	0.111	0.109	0.103
Aa4177_2	0.113	0.108	0.115	0.109	0.104	0.119	0.109	0.107	0.116
Aa4177_4	0.109	0.113	0.113	0.111	0.12	0.112	0.108	0.104	0.111
Aa4177_5	0.112	0.109	0.109	0.104	0.114	0.114	0.108	0.119	0.111
Aa4177_6	0.105	0.109	0.111	0.11	0.114	0.111	0.114	0.115	0.111
Aa4177_7	0.115	0.103	0.111	0.116	0.114	0.111	0.109	0.112	0.111
Aa4177_8	0.108	0.114	0.118	0.11	0.11	0.111	0.115	0.108	0.107
Aa4178_1	0.113	0.11	0.113	0.116	0.108	0.112	0.115	0.116	0.097
Aa4178_2	0.106	0.117	0.109	0.107	0.109	0.122	0.118	0.108	0.103
Aa4178_3	0.109	0.113	0.114	0.115	0.108	0.114	0.113	0.103	0.111
Aa4178_4	0.115	0.113	0.11	0.108	0.117	0.106	0.109	0.109	0.112
Aa4178_5	0.117	0.11	0.115	0.107	0.107	0.109	0.114	0.109	0.113
Aa4178_6	0.111	0.111	0.11	0.114	0.107	0.111	0.117	0.112	0.108
Aa4178_7	0.109	0.106	0.11	0.109	0.112	0.115	0.108	0.112	0.119
Aa4178_8	0.105	0.107	0.113	0.108	0.123	0.114	0.113	0.11	0.108
Aa4184_1	0.122	0.107	0.11	0.112	0.109	0.111	0.109	0.111	0.108
Aa4184_2	0.11	0.108	0.107	0.106	0.109	0.117	0.113	0.116	0.114
Aa4184_3	0.11	0.115	0.115	0.105	0.109	0.11	0.107	0.121	0.109
Aa4184_4	0.117	0.1	0.112	0.121	0.111	0.109	0.111	0.11	0.11
Aa4184_5	0.111	0.11	0.105	0.116	0.111	0.108	0.112	0.112	0.115
Aa4184_6	0.113	0.118	0.118	0.101	0.111	0.111	0.109	0.114	0.106
Aa4184_7	0.116	0.113	0.108	0.102	0.111	0.106	0.111	0.121	0.112
Aa4184_8	0.123	0.105	0.114	0.11	0.105	0.109	0.109	0.106	0.119
Aa4190_1	0.118	0.107	0.107	0.116	0.111	0.109	0.111	0.11	0.111
Aa4190_2	0.124	0.11	0.109	0.123	0.102	0.112	0.107	0.109	0.104
Aa4190_3	0.106	0.112	0.113	0.116	0.108	0.113	0.11	0.114	0.108
Aa4190_4	0.118	0.111	0.118	0.11	0.113	0.101	0.108	0.11	0.111
Aa4190_5	0.114	0.114	0.115	0.11	0.108	0.11	0.11	0.108	0.111
Aa4190_6	0.112	0.108	0.105	0.113	0.112	0.111	0.112	0.11	0.115
Aa4190_7	0.112	0.105	0.106	0.114	0.11	0.111	0.113	0.115	0.113
Aa4190_8	0.111	0.113	0.112	0.112	0.109	0.11	0.109	0.114	0.109
Aa4203_1	0.114	0.105	0.111	0.113	0.11	0.109	0.116	0.104	0.12
Aa4203_2	0.11	0.109	0.11	0.115	0.114	0.108	0.108	0.114	0.112
Aa4203_3	0.112	0.108	0.114	0.107	0.115	0.105	0.104	0.118	0.118
Aa4203_4	0.105	0.112	0.115	0.109	0.109	0.113	0.117	0.114	0.106
Aa4203_5	0.112	0.111	0.109	0.117	0.111	0.109	0.111	0.11	0.109
Aa4203_6	0.109	0.117	0.103	0.113	0.109	0.111	0.121	0.11	0.109
Aa4203_7	0.111	0.103	0.104	0.113	0.115	0.118	0.114	0.111	0.111
Aa4203_8	0.108	0.114	0.111	0.103	0.105	0.115	0.111	0.114	0.118
Aa4204_1	0.101	0.107	0.118	0.11	0.109	0.117	0.11	0.111	0.116
Aa4204_2	0.11	0.111	0.112	0.115	0.112	0.112	0.113	0.109	0.107
Aa4204_3	0.109	0.112	0.115	0.109	0.103	0.112	0.107	0.115	0.116
Aa4204_4	0.11	0.113	0.116	0.114	0.109	0.112	0.108	0.108	0.11
Aa4204_5	0.109	0.109	0.114	0.103	0.108	0.115	0.119	0.116	0.107
Aa4204_6	0.108	0.107	0.11	0.106	0.114	0.115	0.123	0.109	0.108
Aa4204_7	0.115	0.112	0.11	0.107	0.113	0.113	0.114	0.107	0.11
Aa4204_8	0.112	0.115	0.11	0.11	0.105	0.114	0.109	0.11	0.114
Aa4205_1	0.113	0.105	0.106	0.112	0.115	0.112	0.112	0.109	0.117
Aa4205_2	0.11	0.111	0.111	0.115	0.115	0.111	0.11	0.106	0.111
Aa4205_3	0.112	0.112	0.104	0.098	0.113	0.116	0.115	0.115	0.116
Aa4205_4	0.119	0.105	0.111	0.111	0.109	0.108	0.115	0.114	0.107
Aa4205_5	0.112	0.115	0.105	0.11	0.107	0.115	0.111	0.11	0.115
Aa4205_6	0.112	0.112	0.108	0.114	0.115	0.114	0.115	0.107	0.102
Aa4205_7	0.111	0.116	0.113	0.11	0.114	0.111	0.109	0.113	0.105
Aa4205_8	0.113	0.108	0.116	0.109	0.107	0.108	0.112	0.12	0.106
Aa4208_1	0.11	0.11	0.108	0.106	0.12	0.108	0.122	0.11	0.107
Aa4208_2	0.111	0.12	0.119	0.12	0.113	0.102	0.108	0.106	0.101
Aa4208_3	0.11	0.114	0.109	0.111	0.112	0.114	0.114	0.108	0.108
Aa4208_4	0.107	0.108	0.108	0.116	0.112	0.125	0.107	0.108	0.109
Aa4208_5	0.113	0.107	0.113	0.11	0.11	0.111	0.118	0.107	0.11
Aa4208_6	0.105	0.112	0.116	0.111	0.108	0.108	0.113	0.108	0.117
Aa4208_7	0.107	0.115	0.108	0.107	0.117	0.112	0.11	0.114	0.11
Aa4208_8	0.114	0.113	0.11	0.11	0.112	0.111	0.112	0.112	0.107
Aa4210_1	0.114	0.112	0.113	0.105	0.117	0.113	0.105	0.113	0.108
Aa4210_2	0.103	0.113	0.115	0.113	0.103	0.119	0.116	0.109	0.11
Aa4210_3	0.108	0.106	0.107	0.108	0.11	0.118	0.118	0.11	0.116
Aa4210_4	0.111	0.108	0.112	0.109	0.109	0.112	0.11	0.114	0.114
Aa4210_5	0.11	0.112	0.107	0.112	0.117	0.113	0.11	0.107	0.113
Aa4210_6	0.115	0.105	0.118	0.109	0.112	0.109	0.114	0.109	0.109
Aa4210_7	0.113	0.111	0.116	0.106	0.11	0.109	0.11	0.11	0.114
Aa4210_8	0.113	0.111	0.114	0.112	0.113	0.114	0.107	0.104	0.111
Aa4212_1	0.11	0.115	0.111	0.104	0.112	0.113	0.115	0.109	0.11
Aa4212_2	0.112	0.108	0.114	0.116	0.11	0.115	0.103	0.113	0.108
Aa4212_3	0.118	0.11	0.103	0.109	0.113	0.11	0.105	0.12	0.113
Aa4212_4	0.107	0.114	0.109	0.105	0.114	0.116	0.11	0.114	0.111
Aa4212_5	0.116	0.107	0.114	0.109	0.112	0.105	0.114	0.109	0.115
Aa4212_6	0.107	0.11	0.12	0.103	0.116	0.111	0.108	0.112	0.114
Aa4212_7	0.112	0.113	0.109	0.114	0.111	0.111	0.111	0.109	0.11
Aa4212_8	0.11	0.114	0.104	0.122	0.112	0.104	0.116	0.107	0.112
Aa4213_1	0.111	0.118	0.112	0.109	0.109	0.114	0.111	0.111	0.106
Aa4213_2	0.108	0.113	0.11	0.103	0.117	0.123	0.108	0.106	0.113
Aa4213_3	0.111	0.107	0.115	0.111	0.112	0.11	0.111	0.11	0.113
Aa4213_4	0.106	0.119	0.108	0.113	0.112	0.116	0.103	0.111	0.111
Aa4213_5	0.121	0.111	0.112	0.11	0.107	0.117	0.111	0.111	0.099
Aa4213_6	0.12	0.114	0.102	0.111	0.111	0.111	0.103	0.116	0.11
Aa4213_7	0.113	0.105	0.111	0.109	0.11	0.109	0.114	0.117	0.113
Aa4213_8	0.105	0.106	0.109	0.123	0.108	0.113	0.112	0.112	0.113
Aa4216_1	0.112	0.119	0.109	0.109	0.101	0.109	0.114	0.113	0.115
Aa4216_2	0.113	0.11	0.111	0.113	0.113	0.112	0.111	0.108	0.108
Aa4216_3	0.116	0.112	0.12	0.111	0.099	0.108	0.104	0.115	0.117
Aa4216_4	0.118	0.111	0.113	0.112	0.106	0.112	0.111	0.108	0.109
Aa4216_5	0.11	0.117	0.112	0.109	0.117	0.099	0.117	0.108	0.111
Aa4216_6	0.108	0.111	0.109	0.116	0.117	0.114	0.114	0.103	0.109
Aa4216_7	0.118	0.11	0.103	0.102	0.12	0.104	0.108	0.118	0.117
Aa4216_8	0.115	0.112	0.108	0.108	0.109	0.116	0.117	0.103	0.112
Aa4217_1	0.118	0.104	0.112	0.112	0.109	0.114	0.108	0.122	0.101
Aa4217_2	0.112	0.112	0.112	0.106	0.112	0.113	0.112	0.113	0.108
Aa4217_3	0.11	0.114	0.109	0.111	0.112	0.108	0.115	0.108	0.113
Aa4217_4	0.106	0.113	0.115	0.117	0.108	0.116	0.112	0.105	0.108
Aa4217_5	0.112	0.113	0.112	0.101	0.12	0.111	0.113	0.11	0.11
Aa4217_6	0.114	0.113	0.11	0.109	0.11	0.108	0.111	0.112	0.112
Aa4217_7	0.105	0.118	0.109	0.104	0.107	0.11	0.116	0.117	0.115
Aa4217_8	0.108	0.113	0.112	0.113	0.101	0.112	0.116	0.113	0.111
Aa4219_1	0.111	0.118	0.114	0.108	0.113	0.105	0.112	0.105	0.114
Aa4219_2	0.112	0.113	0.112	0.109	0.114	0.113	0.111	0.11	0.106
Aa4219_3	0.115	0.102	0.109	0.113	0.113	0.111	0.112	0.112	0.112
Aa4219_4	0.112	0.114	0.105	0.11	0.113	0.116	0.111	0.114	0.105
Aa4219_5	0.114	0.114	0.11	0.104	0.108	0.114	0.105	0.115	0.117
Aa4219_6	0.113	0.109	0.108	0.102	0.111	0.114	0.115	0.118	0.109
Aa4219_7	0.106	0.115	0.107	0.104	0.109	0.125	0.11	0.112	0.112
Aa4219_8	0.106	0.112	0.109	0.121	0.107	0.11	0.117	0.105	0.113
Aa4283_1	0.112	0.107	0.114	0.111	0.105	0.114	0.113	0.117	0.107
Aa4283_2	0.11	0.117	0.11	0.112	0.115	0.109	0.112	0.111	0.103
Aa4283_3	0.108	0.111	0.109	0.115	0.118	0.111	0.111	0.104	0.113
Aa4283_4	0.117	0.112	0.114	0.109	0.114	0.11	0.104	0.11	0.109
Aa4283_5	0.107	0.105	0.109	0.113	0.106	0.117	0.111	0.116	0.115
Aa4283_7	0.112	0.108	0.111	0.109	0.113	0.112	0.11	0.111	0.114
Aa4283_8	0.113	0.11	0.11	0.112	0.117	0.118	0.112	0.108	0.099
Aa4292_1	0.107	0.121	0.111	0.104	0.122	0.106	0.103	0.113	0.113
Aa4292_2	0.107	0.114	0.11	0.113	0.115	0.118	0.1	0.115	0.108
Aa4292_3	0.11	0.121	0.103	0.109	0.111	0.114	0.108	0.115	0.107
Aa4292_4	0.11	0.11	0.113	0.111	0.101	0.11	0.115	0.112	0.118
Aa4292_5	0.11	0.111	0.113	0.112	0.118	0.113	0.102	0.111	0.11
Aa4292_6	0.112	0.106	0.113	0.106	0.114	0.117	0.113	0.112	0.107
Aa4292_7	0.113	0.117	0.114	0.107	0.113	0.11	0.105	0.114	0.106
Aa4292_8	0.107	0.116	0.112	0.108	0.112	0.112	0.111	0.113	0.108
Aa4298_1	0.106	0.105	0.109	0.106	0.114	0.111	0.113	0.115	0.12
Aa4298_2	0.112	0.112	0.104	0.113	0.111	0.113	0.112	0.116	0.108
Aa4298_3	0.11	0.102	0.115	0.109	0.119	0.11	0.112	0.11	0.113
Aa4298_4	0.112	0.112	0.113	0.111	0.106	0.111	0.121	0.108	0.107
Aa4298_5	0.116	0.11	0.113	0.118	0.114	0.109	0.111	0.106	0.103
Aa4298_6	0.11	0.113	0.109	0.109	0.108	0.108	0.119	0.111	0.112
Aa4298_7	0.109	0.109	0.111	0.107	0.109	0.121	0.111	0.11	0.114
Aa4298_8	0.114	0.11	0.112	0.102	0.113	0.111	0.112	0.116	0.11
Aa4301_1	0.119	0.113	0.113	0.109	0.109	0.109	0.111	0.115	0.102
Aa4301_2	0.11	0.113	0.111	0.116	0.113	0.103	0.108	0.116	0.11
Aa4301_3	0.108	0.107	0.106	0.116	0.106	0.119	0.118	0.11	0.111
Aa4301_4	0.111	0.109	0.118	0.103	0.11	0.112	0.112	0.112	0.114
Aa4301_5	0.108	0.108	0.108	0.112	0.115	0.115	0.109	0.111	0.114
Aa4301_6	0.115	0.113	0.111	0.118	0.112	0.109	0.106	0.106	0.11
Aa4301_7	0.116	0.106	0.112	0.115	0.112	0.102	0.11	0.106	0.121
Aa4301_8	0.107	0.112	0.114	0.116	0.109	0.114	0.115	0.108	0.107
Aa4304_1	0.113	0.104	0.113	0.117	0.11	0.115	0.11	0.106	0.112
Aa4304_2	0.109	0.114	0.103	0.111	0.11	0.111	0.109	0.124	0.109
Aa4304_3	0.111	0.119	0.112	0.109	0.112	0.109	0.109	0.11	0.11
Aa4304_4	0.112	0.107	0.117	0.117	0.1	0.108	0.123	0.105	0.111
Aa4304_5	0.108	0.111	0.109	0.116	0.111	0.116	0.108	0.108	0.114
Aa4304_6	0.113	0.109	0.114	0.117	0.106	0.107	0.107	0.111	0.116
Aa4304_7	0.113	0.112	0.112	0.112	0.113	0.108	0.11	0.111	0.108
Aa4304_8	0.105	0.112	0.114	0.111	0.112	0.103	0.115	0.113	0.114
Aa4355_1	0.116	0.103	0.11	0.112	0.107	0.109	0.111	0.113	0.119
Aa4355_2	0.115	0.11	0.112	0.11	0.111	0.11	0.104	0.118	0.109
Aa4355_3	0.11	0.117	0.111	0.111	0.115	0.106	0.11	0.111	0.108
Aa4355_4	0.102	0.112	0.119	0.115	0.115	0.111	0.111	0.107	0.108
Aa4355_5	0.113	0.108	0.108	0.115	0.114	0.109	0.104	0.11	0.118
Aa4355_6	0.109	0.112	0.103	0.11	0.113	0.121	0.114	0.11	0.109
Aa4355_7	0.111	0.112	0.112	0.115	0.104	0.109	0.113	0.118	0.106
Aa4355_8	0.109	0.109	0.112	0.107	0.111	0.105	0.113	0.116	0.118
Aa4358_1	0.111	0.107	0.113	0.11	0.109	0.115	0.107	0.116	0.114
Aa4358_2	0.122	0.114	0.104	0.108	0.113	0.113	0.106	0.107	0.111
Aa4358_3	0.118	0.116	0.116	0.112	0.108	0.108	0.11	0.106	0.106
Aa4358_4	0.111	0.11	0.112	0.112	0.117	0.112	0.105	0.11	0.112
Aa4358_5	0.11	0.112	0.108	0.113	0.114	0.117	0.111	0.108	0.106
Aa4358_6	0.107	0.108	0.112	0.111	0.11	0.114	0.118	0.104	0.116
Aa4358_7	0.11	0.111	0.109	0.109	0.106	0.114	0.114	0.109	0.118
Aa4358_8	0.105	0.111	0.115	0.111	0.113	0.115	0.111	0.11	0.108
Aa4369_1	0.112	0.117	0.108	0.106	0.119	0.108	0.106	0.116	0.109
Aa4369_2	0.114	0.112	0.113	0.116	0.109	0.111	0.114	0.105	0.104
Aa4369_3	0.115	0.104	0.106	0.105	0.111	0.11	0.126	0.116	0.106
Aa4369_4	0.114	0.113	0.11	0.112	0.11	0.108	0.114	0.117	0.102
Aa4369_6	0.107	0.113	0.112	0.119	0.108	0.104	0.12	0.111	0.108
Aa4369_7	0.115	0.114	0.115	0.117	0.111	0.112	0.11	0.103	0.102
Aa4369_8	0.112	0.113	0.115	0.108	0.114	0.11	0.104	0.11	0.115
Aa4370_1	0.115	0.109	0.112	0.106	0.112	0.111	0.115	0.108	0.112
Aa4370_2	0.108	0.104	0.111	0.112	0.117	0.118	0.11	0.11	0.109
Aa4370_3	0.105	0.111	0.103	0.109	0.117	0.109	0.112	0.118	0.115
Aa4370_4	0.112	0.107	0.113	0.104	0.113	0.112	0.108	0.114	0.116
Aa4370_5	0.109	0.109	0.109	0.117	0.112	0.118	0.105	0.107	0.114
Aa4370_6	0.124	0.114	0.105	0.108	0.109	0.113	0.104	0.11	0.112
Aa4370_7	0.115	0.105	0.112	0.111	0.116	0.114	0.108	0.11	0.108
Aa4370_8	0.115	0.112	0.101	0.112	0.11	0.111	0.12	0.105	0.113
Aa4374_1	0.107	0.112	0.106	0.11	0.12	0.109	0.113	0.113	0.109
Aa4374_2	0.112	0.11	0.107	0.118	0.114	0.119	0.106	0.104	0.11
Aa4374_3	0.112	0.116	0.106	0.118	0.114	0.107	0.109	0.109	0.109
Aa4374_4	0.112	0.111	0.119	0.105	0.114	0.112	0.115	0.11	0.102
Aa4374_5	0.109	0.124	0.114	0.113	0.105	0.105	0.107	0.113	0.109
Aa4374_6	0.117	0.114	0.104	0.108	0.113	0.119	0.107	0.115	0.104
Aa4374_7	0.109	0.111	0.12	0.116	0.106	0.108	0.108	0.114	0.108
Aa4374_8	0.112	0.112	0.107	0.12	0.112	0.11	0.108	0.103	0.116
Aa4379_1	0.112	0.103	0.114	0.118	0.107	0.111	0.115	0.112	0.108
Aa4379_10	0.108	0.114	0.111	0.107	0.112	0.117	0.113	0.107	0.111
Aa4379_11	0.111	0.114	0.112	0.116	0.108	0.112	0.107	0.11	0.11
Aa4379_12	0.116	0.113	0.114	0.103	0.109	0.114	0.113	0.109	0.109
Aa4379_13	0.116	0.113	0.111	0.119	0.105	0.105	0.113	0.108	0.11
Aa4379_14	0.113	0.112	0.102	0.11	0.114	0.116	0.113	0.106	0.114
Aa4379_15	0.11	0.116	0.113	0.11	0.11	0.107	0.109	0.115	0.11
Aa4379_16	0.113	0.108	0.113	0.106	0.112	0.115	0.106	0.113	0.114
Aa4379_2	0.11	0.12	0.106	0.11	0.108	0.11	0.111	0.113	0.111
Aa4379_3	0.103	0.107	0.111	0.111	0.116	0.113	0.11	0.115	0.115
Aa4379_4	0.105	0.109	0.112	0.118	0.115	0.111	0.109	0.109	0.112
Aa4379_5	0.114	0.12	0.111	0.114	0.108	0.107	0.107	0.11	0.11
Aa4379_6	0.11	0.11	0.109	0.115	0.11	0.112	0.11	0.112	0.112
Aa4379_7	0.114	0.109	0.113	0.117	0.113	0.109	0.106	0.107	0.111
Aa4379_8	0.109	0.118	0.112	0.105	0.107	0.118	0.11	0.108	0.112
Aa4379_9	0.118	0.11	0.107	0.109	0.109	0.108	0.112	0.109	0.118
Aa4388_1	0.108	0.11	0.113	0.117	0.11	0.108	0.111	0.106	0.116
Aa4388_2	0.11	0.109	0.118	0.115	0.11	0.117	0.104	0.107	0.111
Aa4388_3	0.114	0.108	0.111	0.11	0.106	0.105	0.108	0.123	0.114
Aa4388_4	0.115	0.104	0.116	0.109	0.11	0.108	0.109	0.114	0.115
Aa4388_5	0.101	0.112	0.109	0.113	0.111	0.116	0.117	0.109	0.11
Aa4388_6	0.116	0.108	0.11	0.114	0.104	0.11	0.108	0.118	0.112
Aa4388_7	0.108	0.111	0.106	0.111	0.106	0.111	0.113	0.117	0.118
Aa4388_8	0.114	0.108	0.112	0.11	0.115	0.114	0.106	0.114	0.107
Aa4390_1	0.111	0.114	0.114	0.112	0.109	0.11	0.107	0.108	0.116
Aa4390_2	0.111	0.11	0.11	0.117	0.11	0.116	0.107	0.118	0.1
Aa4390_3	0.112	0.112	0.117	0.102	0.11	0.115	0.108	0.114	0.109
Aa4390_4	0.109	0.117	0.111	0.11	0.109	0.113	0.107	0.114	0.109
Aa4390_5	0.112	0.111	0.112	0.111	0.107	0.107	0.115	0.113	0.112
Aa4390_6	0.111	0.106	0.109	0.106	0.107	0.114	0.114	0.115	0.119
Aa4390_7	0.106	0.109	0.107	0.104	0.114	0.111	0.11	0.121	0.117
Aa4390_8	0.111	0.103	0.111	0.116	0.11	0.112	0.115	0.109	0.113
Aa4397_1	0.11	0.115	0.113	0.11	0.113	0.111	0.103	0.114	0.111
Aa4397_2	0.113	0.115	0.112	0.109	0.113	0.11	0.112	0.102	0.113
Aa4397_3	0.11	0.118	0.112	0.114	0.112	0.109	0.108	0.101	0.117
Aa4397_4	0.112	0.113	0.109	0.11	0.11	0.114	0.11	0.116	0.107
Aa4397_5	0.115	0.11	0.111	0.106	0.112	0.114	0.12	0.1	0.113
Aa4397_6	0.101	0.106	0.116	0.118	0.115	0.112	0.103	0.114	0.114
Aa4397_7	0.111	0.114	0.119	0.114	0.106	0.106	0.107	0.111	0.111
Aa4397_8	0.113	0.111	0.108	0.11	0.109	0.108	0.114	0.111	0.118
Aa4398_1	0.115	0.1	0.106	0.109	0.123	0.108	0.113	0.109	0.117
Aa4398_2	0.11	0.109	0.115	0.111	0.109	0.114	0.108	0.116	0.108
Aa4398_3	0.108	0.103	0.117	0.113	0.104	0.114	0.113	0.119	0.109
Aa4398_4	0.114	0.12	0.111	0.111	0.114	0.109	0.109	0.105	0.106
Aa4398_5	0.114	0.099	0.11	0.123	0.108	0.113	0.117	0.106	0.11
Aa4398_6	0.114	0.117	0.117	0.109	0.109	0.107	0.106	0.113	0.108
Aa4398_7	0.118	0.111	0.098	0.119	0.109	0.115	0.108	0.11	0.114
Aa4398_8	0.113	0.107	0.122	0.11	0.11	0.107	0.11	0.108	0.113
Aa4399_1	0.109	0.112	0.113	0.111	0.11	0.114	0.102	0.116	0.113
Aa4399_2	0.112	0.115	0.103	0.111	0.108	0.112	0.114	0.111	0.114
Aa4399_3	0.109	0.114	0.109	0.112	0.11	0.105	0.11	0.117	0.114
Aa4399_4	0.112	0.108	0.104	0.114	0.116	0.112	0.116	0.103	0.115
Aa4399_5	0.108	0.113	0.112	0.106	0.114	0.115	0.108	0.112	0.111
Aa4399_6	0.112	0.113	0.11	0.112	0.111	0.118	0.109	0.109	0.108
Aa4399_7	0.108	0.102	0.117	0.117	0.101	0.116	0.115	0.116	0.109
Aa4399_8	0.109	0.106	0.101	0.112	0.122	0.11	0.112	0.111	0.118
Aa4401_1	0.107	0.111	0.116	0.112	0.113	0.104	0.112	0.115	0.11
Aa4401_2	0.108	0.112	0.108	0.116	0.111	0.113	0.112	0.116	0.105
Aa4401_3	0.111	0.114	0.116	0.107	0.101	0.111	0.115	0.103	0.122
Aa4401_4	0.112	0.119	0.111	0.104	0.114	0.112	0.109	0.106	0.114
Aa4401_5	0.104	0.109	0.107	0.121	0.109	0.113	0.113	0.11	0.114
Aa4401_6	0.11	0.11	0.114	0.114	0.112	0.112	0.112	0.111	0.105
Aa4401_7	0.112	0.12	0.11	0.107	0.118	0.104	0.122	0.105	0.103
Aa4401_8	0.108	0.106	0.108	0.102	0.125	0.121	0.109	0.112	0.109
Aa4402_1	0.114	0.114	0.112	0.113	0.105	0.113	0.106	0.116	0.107
Aa4402_2	0.113	0.104	0.109	0.109	0.116	0.109	0.116	0.109	0.116
Aa4402_3	0.107	0.116	0.115	0.109	0.109	0.119	0.104	0.108	0.113
Aa4402_4	0.107	0.113	0.112	0.116	0.11	0.101	0.116	0.118	0.108
Aa4402_5	0.113	0.106	0.118	0.108	0.112	0.112	0.109	0.112	0.109
Aa4402_6	0.113	0.106	0.121	0.109	0.111	0.099	0.114	0.113	0.114
Aa4402_7	0.111	0.118	0.112	0.109	0.115	0.113	0.11	0.107	0.106
Aa4402_8	0.11	0.114	0.113	0.122	0.111	0.106	0.113	0.109	0.102
Aa4403_1	0.116	0.109	0.11	0.111	0.116	0.109	0.112	0.113	0.104
Aa4403_2	0.11	0.112	0.112	0.109	0.116	0.11	0.112	0.099	0.12
Aa4403_3	0.114	0.113	0.107	0.108	0.106	0.116	0.113	0.109	0.113
Aa4403_4	0.111	0.108	0.11	0.11	0.117	0.106	0.109	0.115	0.115
Aa4403_5	0.114	0.109	0.104	0.118	0.116	0.112	0.114	0.112	0.102
Aa4403_6	0.112	0.104	0.115	0.106	0.114	0.116	0.114	0.115	0.105
Aa4403_7	0.112	0.111	0.107	0.108	0.116	0.122	0.107	0.108	0.107
Aa4403_8	0.117	0.107	0.112	0.114	0.106	0.111	0.109	0.114	0.109
Aa4405_1	0.108	0.117	0.107	0.112	0.114	0.114	0.108	0.109	0.111
Aa4405_2	0.118	0.11	0.107	0.109	0.111	0.105	0.111	0.119	0.11
Aa4405_3	0.109	0.113	0.107	0.11	0.11	0.115	0.106	0.112	0.119
Aa4405_4	0.119	0.11	0.115	0.113	0.105	0.102	0.11	0.109	0.117
Aa4405_5	0.113	0.109	0.111	0.11	0.113	0.111	0.108	0.111	0.113
Aa4405_6	0.113	0.109	0.109	0.111	0.122	0.106	0.109	0.114	0.108
Aa4405_7	0.115	0.11	0.114	0.109	0.112	0.109	0.111	0.111	0.109
Aa4405_8	0.108	0.117	0.118	0.113	0.105	0.106	0.115	0.108	0.111
Aa4406_1	0.115	0.106	0.113	0.107	0.114	0.106	0.119	0.113	0.106
Aa4406_2	0.109	0.114	0.117	0.108	0.106	0.105	0.11	0.114	0.117
Aa4406_3	0.111	0.114	0.106	0.104	0.106	0.107	0.122	0.115	0.115
Aa4406_4	0.11	0.108	0.111	0.114	0.107	0.109	0.116	0.109	0.115
Aa4406_5	0.119	0.108	0.109	0.108	0.113	0.113	0.11	0.115	0.106
Aa4406_6	0.111	0.118	0.113	0.117	0.106	0.115	0.108	0.106	0.106
Aa4406_7	0.119	0.112	0.108	0.109	0.119	0.115	0.106	0.106	0.106
Aa4406_8	0.113	0.114	0.118	0.101	0.118	0.109	0.111	0.107	0.109
Aa4437_1	0.112	0.113	0.105	0.116	0.106	0.111	0.112	0.112	0.113
Aa4437_2	0.114	0.109	0.116	0.113	0.114	0.113	0.105	0.112	0.104
Aa4437_3	0.106	0.118	0.12	0.11	0.111	0.111	0.118	0.101	0.105
Aa4437_4	0.115	0.108	0.11	0.102	0.113	0.108	0.114	0.115	0.115
Aa4437_5	0.113	0.109	0.112	0.114	0.113	0.11	0.109	0.11	0.109
Aa4437_6	0.115	0.109	0.11	0.115	0.106	0.116	0.113	0.106	0.11
Aa4437_7	0.115	0.112	0.109	0.118	0.102	0.116	0.108	0.109	0.111
Aa4437_8	0.119	0.113	0.116	0.112	0.109	0.111	0.105	0.106	0.109
Aa4438_1	0.111	0.116	0.11	0.11	0.109	0.114	0.11	0.113	0.108
Aa4438_2	0.112	0.106	0.112	0.112	0.109	0.108	0.115	0.112	0.114
Aa4438_3	0.115	0.112	0.115	0.11	0.109	0.109	0.113	0.109	0.108
Aa4438_4	0.11	0.107	0.112	0.114	0.118	0.11	0.112	0.106	0.11
Aa4438_5	0.12	0.107	0.108	0.109	0.109	0.112	0.114	0.11	0.112
Aa4438_6	0.111	0.113	0.114	0.119	0.106	0.107	0.111	0.109	0.11
Aa4438_7	0.113	0.11	0.11	0.118	0.104	0.11	0.116	0.114	0.106
Aa4438_8	0.12	0.107	0.108	0.109	0.111	0.112	0.108	0.111	0.114
Aa4439_1	0.109	0.122	0.114	0.108	0.108	0.112	0.117	0.104	0.107
Aa4439_2	0.114	0.106	0.121	0.115	0.104	0.109	0.109	0.116	0.107
Aa4439_3	0.108	0.113	0.116	0.108	0.106	0.109	0.116	0.112	0.11
Aa4439_4	0.109	0.113	0.107	0.106	0.116	0.112	0.115	0.113	0.107
Aa4439_5	0.111	0.104	0.109	0.117	0.12	0.108	0.114	0.106	0.112
Aa4439_6	0.114	0.117	0.106	0.108	0.109	0.114	0.115	0.109	0.109
Aa4439_7	0.105	0.115	0.112	0.113	0.117	0.11	0.11	0.114	0.103
Aa4439_8	0.114	0.111	0.115	0.116	0.106	0.106	0.107	0.114	0.111
Aa4441_1	0.103	0.114	0.112	0.113	0.109	0.116	0.107	0.111	0.116
Aa4441_2	0.106	0.12	0.109	0.114	0.112	0.113	0.109	0.111	0.106
Aa4441_3	0.106	0.107	0.109	0.112	0.117	0.111	0.118	0.101	0.118
Aa4441_4	0.115	0.108	0.106	0.108	0.113	0.11	0.106	0.119	0.116
Aa4441_5	0.109	0.109	0.115	0.113	0.11	0.116	0.105	0.11	0.114
Aa4441_6	0.105	0.114	0.114	0.108	0.101	0.119	0.114	0.107	0.119
Aa4441_7	0.111	0.106	0.113	0.107	0.105	0.115	0.108	0.115	0.12
Aa4441_8	0.116	0.111	0.113	0.112	0.112	0.11	0.107	0.111	0.107
Aa4442_1	0.113	0.108	0.111	0.109	0.114	0.11	0.113	0.107	0.115
Aa4442_2	0.115	0.115	0.114	0.105	0.103	0.116	0.104	0.114	0.115
Aa4442_3	0.118	0.105	0.107	0.12	0.106	0.114	0.109	0.104	0.116
Aa4442_4	0.115	0.117	0.109	0.112	0.097	0.123	0.104	0.11	0.113
Aa4442_5	0.11	0.107	0.109	0.113	0.114	0.119	0.107	0.104	0.117
Aa4442_6	0.103	0.116	0.112	0.108	0.113	0.111	0.114	0.112	0.11
Aa4442_7	0.11	0.109	0.115	0.108	0.109	0.12	0.11	0.106	0.114
Aa4442_8	0.117	0.111	0.114	0.103	0.106	0.114	0.116	0.108	0.11
Aa4443_1	0.105	0.108	0.118	0.112	0.113	0.11	0.113	0.105	0.115
Aa4443_2	0.107	0.109	0.112	0.111	0.107	0.115	0.108	0.118	0.112
Aa4443_4	0.114	0.112	0.116	0.11	0.107	0.11	0.116	0.104	0.112
Aa4443_5	0.111	0.107	0.115	0.108	0.116	0.11	0.11	0.112	0.11
Aa4443_6	0.116	0.112	0.109	0.106	0.108	0.114	0.114	0.108	0.112
Aa4443_7	0.11	0.115	0.109	0.12	0.114	0.106	0.103	0.11	0.113
Aa4443_8	0.109	0.104	0.107	0.11	0.113	0.11	0.119	0.111	0.117
Aa4444_1	0.113	0.105	0.114	0.112	0.116	0.115	0.106	0.107	0.112
Aa4444_2	0.113	0.108	0.115	0.108	0.114	0.104	0.108	0.114	0.116
Aa4444_3	0.114	0.111	0.108	0.109	0.109	0.114	0.111	0.113	0.11
Aa4444_4	0.112	0.115	0.112	0.107	0.111	0.114	0.109	0.109	0.11
Aa4444_5	0.112	0.109	0.111	0.109	0.118	0.107	0.111	0.11	0.113
Aa4444_6	0.107	0.113	0.113	0.111	0.117	0.112	0.114	0.103	0.11
Aa4444_7	0.117	0.109	0.107	0.105	0.113	0.116	0.109	0.112	0.11
Aa4444_8	0.106	0.108	0.117	0.112	0.115	0.114	0.105	0.108	0.114
Aa4445_1	0.114	0.105	0.11	0.114	0.107	0.118	0.113	0.104	0.114
Aa4445_2	0.113	0.104	0.108	0.116	0.114	0.105	0.112	0.108	0.12
Aa4445_3	0.11	0.11	0.109	0.112	0.118	0.117	0.107	0.11	0.107
Aa4445_4	0.108	0.112	0.112	0.114	0.115	0.11	0.11	0.108	0.112
Aa4445_5	0.111	0.112	0.107	0.109	0.116	0.11	0.116	0.115	0.104
Aa4445_6	0.103	0.103	0.116	0.11	0.112	0.114	0.12	0.114	0.108
Aa4445_7	0.108	0.106	0.111	0.119	0.11	0.117	0.106	0.113	0.11
Aa4445_8	0.124	0.103	0.11	0.115	0.111	0.113	0.108	0.107	0.109
Aa4446_1	0.107	0.109	0.116	0.107	0.11	0.117	0.107	0.113	0.115
Aa4446_2	0.11	0.118	0.11	0.118	0.107	0.114	0.111	0.103	0.109
Aa4446_3	0.114	0.117	0.113	0.11	0.109	0.107	0.112	0.115	0.104
Aa4446_4	0.113	0.11	0.11	0.116	0.105	0.106	0.117	0.117	0.106
Aa4446_5	0.098	0.113	0.12	0.11	0.116	0.116	0.11	0.112	0.105
Aa4446_6	0.115	0.114	0.117	0.108	0.113	0.099	0.11	0.108	0.115
Aa4446_7	0.112	0.119	0.117	0.106	0.117	0.106	0.105	0.11	0.108
Aa4446_8	0.119	0.11	0.11	0.108	0.109	0.108	0.115	0.112	0.109
Aa4447_1	0.12	0.109	0.108	0.109	0.115	0.113	0.112	0.108	0.107
Aa4447_2	0.106	0.11	0.108	0.117	0.106	0.112	0.11	0.118	0.112
Aa4447_4	0.111	0.117	0.109	0.113	0.108	0.107	0.107	0.115	0.115
Aa4447_5	0.108	0.117	0.11	0.106	0.111	0.114	0.116	0.105	0.113
Aa4447_6	0.111	0.109	0.109	0.105	0.115	0.112	0.108	0.117	0.114
Aa4447_7	0.112	0.114	0.102	0.111	0.113	0.117	0.112	0.105	0.116
Aa4447_8	0.113	0.106	0.111	0.115	0.113	0.112	0.106	0.112	0.111
Aa4448_1	0.108	0.11	0.11	0.112	0.113	0.117	0.113	0.107	0.11
Aa4448_2	0.113	0.106	0.115	0.108	0.117	0.11	0.113	0.109	0.109
Aa4448_3	0.104	0.116	0.108	0.109	0.11	0.122	0.112	0.113	0.105
Aa4448_4	0.11	0.111	0.111	0.12	0.103	0.112	0.101	0.118	0.116
Aa4448_5	0.112	0.109	0.114	0.114	0.109	0.112	0.114	0.105	0.111
Aa4448_6	0.109	0.113	0.116	0.115	0.109	0.101	0.114	0.11	0.113
Aa4448_7	0.108	0.107	0.118	0.116	0.117	0.101	0.114	0.11	0.109
Aa4448_8	0.112	0.112	0.108	0.111	0.112	0.109	0.108	0.117	0.111
Aa4449_1	0.113	0.111	0.117	0.112	0.106	0.113	0.103	0.117	0.108
Aa4449_2	0.114	0.11	0.109	0.107	0.115	0.108	0.106	0.124	0.107
Aa4449_3	0.101	0.113	0.113	0.113	0.107	0.116	0.106	0.117	0.113
Aa4449_4	0.11	0.111	0.114	0.114	0.117	0.106	0.104	0.113	0.111
Aa4449_5	0.112	0.108	0.113	0.114	0.108	0.113	0.106	0.106	0.121
Aa4449_6	0.113	0.113	0.112	0.113	0.112	0.107	0.111	0.113	0.106
Aa4449_7	0.112	0.109	0.113	0.11	0.117	0.11	0.108	0.114	0.107
Aa4449_8	0.106	0.109	0.114	0.119	0.11	0.108	0.112	0.111	0.112
Aa4450_1	0.109	0.11	0.113	0.11	0.108	0.117	0.113	0.111	0.11
Aa4450_2	0.111	0.105	0.109	0.117	0.112	0.111	0.124	0.106	0.105
Aa4450_3	0.112	0.106	0.109	0.112	0.119	0.121	0.107	0.104	0.111
Aa4450_4	0.109	0.109	0.119	0.117	0.104	0.114	0.102	0.109	0.118
Aa4450_5	0.114	0.107	0.111	0.107	0.109	0.114	0.115	0.11	0.113
Aa4450_6	0.105	0.114	0.115	0.113	0.108	0.109	0.114	0.104	0.117
Aa4450_7	0.114	0.114	0.114	0.104	0.108	0.111	0.105	0.112	0.118
Aa4450_8	0.114	0.117	0.109	0.11	0.111	0.111	0.112	0.103	0.113
Aa4451_1	0.11	0.108	0.111	0.12	0.103	0.112	0.115	0.112	0.11
Aa4451_3	0.107	0.112	0.112	0.113	0.116	0.104	0.117	0.113	0.105
Aa4451_4	0.105	0.113	0.11	0.116	0.111	0.111	0.111	0.115	0.107
Aa4451_5	0.117	0.107	0.109	0.11	0.118	0.113	0.1	0.112	0.113
Aa4451_7	0.11	0.108	0.114	0.114	0.106	0.114	0.106	0.116	0.112
Aa4451_8	0.115	0.114	0.113	0.107	0.11	0.114	0.11	0.105	0.113
Aa4452_1	0.107	0.113	0.111	0.112	0.108	0.116	0.117	0.114	0.103
Aa4452_2	0.109	0.111	0.111	0.117	0.114	0.108	0.109	0.106	0.114
Aa4452_3	0.111	0.108	0.103	0.113	0.118	0.105	0.116	0.115	0.111
Aa4452_4	0.106	0.106	0.112	0.112	0.118	0.115	0.107	0.117	0.109
Aa4452_5	0.115	0.114	0.115	0.114	0.115	0.107	0.111	0.107	0.102
Aa4452_6	0.111	0.114	0.111	0.113	0.112	0.109	0.111	0.106	0.115
Aa4452_7	0.11	0.116	0.112	0.108	0.109	0.113	0.113	0.11	0.109
Aa4452_8	0.11	0.11	0.11	0.118	0.113	0.108	0.108	0.114	0.109
Aa4453_1	0.118	0.11	0.107	0.113	0.112	0.116	0.106	0.108	0.11
Aa4453_2	0.115	0.102	0.114	0.112	0.116	0.112	0.111	0.108	0.111
Aa4453_3	0.11	0.116	0.117	0.11	0.111	0.112	0.11	0.11	0.104
Aa4453_4	0.107	0.114	0.105	0.11	0.121	0.109	0.114	0.109	0.109
Aa4453_5	0.113	0.111	0.106	0.109	0.107	0.107	0.118	0.115	0.114
Aa4453_6	0.114	0.112	0.112	0.115	0.113	0.108	0.11	0.109	0.106
Aa4453_7	0.103	0.111	0.118	0.111	0.116	0.106	0.113	0.108	0.113
Aa4453_8	0.111	0.115	0.108	0.11	0.114	0.114	0.111	0.106	0.11
Aa4454_1	0.115	0.111	0.108	0.114	0.107	0.112	0.108	0.113	0.111
Aa4454_2	0.105	0.106	0.113	0.117	0.109	0.112	0.112	0.113	0.111
Aa4454_3	0.115	0.114	0.112	0.115	0.114	0.11	0.107	0.11	0.103
Aa4454_4	0.109	0.107	0.11	0.114	0.116	0.107	0.114	0.107	0.116
Aa4454_5	0.106	0.113	0.104	0.113	0.111	0.109	0.107	0.117	0.12
Aa4454_6	0.111	0.109	0.118	0.107	0.112	0.108	0.118	0.106	0.11
Aa4454_7	0.111	0.113	0.11	0.111	0.112	0.118	0.108	0.105	0.112
Aa4454_8	0.107	0.113	0.109	0.109	0.117	0.116	0.109	0.113	0.106
Aa4456_1	0.12	0.114	0.106	0.105	0.104	0.111	0.112	0.111	0.117
Aa4456_2	0.109	0.112	0.111	0.109	0.108	0.117	0.107	0.111	0.114
Aa4456_3	0.116	0.118	0.111	0.111	0.113	0.1	0.108	0.11	0.113
Aa4456_4	0.109	0.119	0.116	0.116	0.114	0.111	0.099	0.106	0.109
Aa4456_5	0.111	0.104	0.112	0.114	0.113	0.112	0.109	0.109	0.117
Aa4456_6	0.106	0.107	0.11	0.11	0.111	0.117	0.119	0.109	0.11
Aa4456_7	0.11	0.11	0.118	0.107	0.11	0.114	0.115	0.112	0.104
Aa4456_8	0.113	0.111	0.108	0.11	0.11	0.112	0.11	0.119	0.108
Aa4479_1	0.113	0.109	0.111	0.105	0.117	0.106	0.114	0.111	0.114
Aa4479_2	0.109	0.106	0.113	0.111	0.113	0.114	0.108	0.113	0.113
Aa4479_3	0.105	0.109	0.112	0.115	0.105	0.105	0.115	0.119	0.114
Aa4479_4	0.115	0.114	0.119	0.113	0.104	0.115	0.113	0.101	0.106
Aa4479_5	0.115	0.105	0.113	0.108	0.11	0.102	0.115	0.107	0.125
Aa4479_6	0.106	0.111	0.106	0.119	0.108	0.116	0.105	0.113	0.116
Aa4479_7	0.116	0.11	0.12	0.11	0.111	0.104	0.111	0.103	0.115
Aa4479_8	0.109	0.121	0.113	0.107	0.109	0.109	0.116	0.107	0.11
Aa4480_1	0.112	0.117	0.112	0.115	0.112	0.107	0.115	0.114	0.098
Aa4480_2	0.113	0.113	0.104	0.113	0.117	0.109	0.111	0.113	0.107
Aa4480_3	0.112	0.111	0.112	0.113	0.117	0.111	0.107	0.111	0.104
Aa4480_4	0.119	0.114	0.11	0.107	0.11	0.108	0.109	0.119	0.105
Aa4480_5	0.102	0.106	0.117	0.112	0.115	0.114	0.114	0.109	0.113
Aa4480_6	0.119	0.107	0.11	0.113	0.113	0.107	0.115	0.11	0.107
Aa4480_7	0.108	0.113	0.103	0.111	0.117	0.113	0.111	0.116	0.109
Aa4480_8	0.111	0.107	0.113	0.108	0.109	0.112	0.109	0.108	0.122
Aa4482_1	0.114	0.112	0.108	0.109	0.112	0.108	0.115	0.11	0.112
Aa4482_2	0.116	0.107	0.113	0.106	0.115	0.111	0.109	0.116	0.106
Aa4482_3	0.115	0.109	0.102	0.112	0.111	0.116	0.112	0.116	0.108
Aa4482_4	0.115	0.108	0.113	0.104	0.113	0.115	0.115	0.111	0.105
Aa4482_5	0.102	0.115	0.114	0.111	0.114	0.115	0.112	0.108	0.109
Aa4482_6	0.111	0.112	0.115	0.105	0.111	0.112	0.104	0.119	0.111
Aa4482_7	0.114	0.106	0.111	0.108	0.115	0.117	0.106	0.115	0.108
Aa4482_8	0.105	0.112	0.116	0.112	0.106	0.114	0.111	0.115	0.108
Aa4483_1	0.111	0.113	0.111	0.105	0.113	0.107	0.117	0.11	0.112
Aa4483_2	0.113	0.116	0.112	0.11	0.107	0.113	0.108	0.11	0.111
Aa4483_3	0.111	0.112	0.121	0.105	0.117	0.111	0.107	0.108	0.108
Aa4483_4	0.113	0.109	0.107	0.111	0.113	0.106	0.117	0.109	0.115
Aa4483_5	0.124	0.112	0.114	0.113	0.107	0.107	0.107	0.11	0.106
Aa4483_6	0.111	0.118	0.104	0.118	0.107	0.113	0.109	0.112	0.108
Aa4483_7	0.104	0.112	0.11	0.109	0.116	0.104	0.113	0.112	0.12
Aa4483_8	0.117	0.103	0.107	0.113	0.116	0.112	0.12	0.112	0.102
Aa4487_1	0.111	0.112	0.113	0.102	0.105	0.112	0.108	0.119	0.118
Aa4487_2	0.108	0.108	0.112	0.111	0.111	0.11	0.106	0.115	0.118
Aa4487_3	0.113	0.105	0.112	0.106	0.114	0.11	0.114	0.121	0.106
Aa4487_4	0.114	0.115	0.11	0.114	0.106	0.112	0.115	0.11	0.105
Aa4487_5	0.116	0.112	0.115	0.113	0.11	0.115	0.109	0.111	0.101
Aa4487_6	0.108	0.104	0.112	0.11	0.113	0.111	0.113	0.114	0.115
Aa4487_7	0.11	0.108	0.107	0.112	0.117	0.111	0.112	0.115	0.108
Aa4487_8	0.109	0.11	0.113	0.119	0.11	0.108	0.108	0.108	0.114
Aa4515_1	0.113	0.111	0.112	0.111	0.113	0.103	0.114	0.11	0.114
Aa4515_2	0.108	0.11	0.103	0.116	0.115	0.109	0.106	0.114	0.119
Aa4515_3	0.117	0.105	0.113	0.117	0.107	0.105	0.109	0.11	0.117
Aa4515_4	0.108	0.115	0.111	0.111	0.109	0.112	0.117	0.109	0.108
Aa4515_5	0.118	0.112	0.115	0.102	0.109	0.112	0.11	0.114	0.109
Aa4515_6	0.115	0.112	0.103	0.113	0.106	0.109	0.106	0.119	0.117
Aa4515_7	0.112	0.109	0.113	0.108	0.112	0.107	0.109	0.12	0.111
Aa4515_8	0.11	0.111	0.109	0.112	0.106	0.113	0.118	0.108	0.112
Aa4517_1	0.109	0.11	0.117	0.108	0.109	0.114	0.112	0.105	0.114
Aa4517_2	0.117	0.106	0.11	0.112	0.107	0.119	0.116	0.111	0.103
Aa4517_3	0.112	0.116	0.112	0.114	0.109	0.109	0.101	0.114	0.113
Aa4517_4	0.107	0.121	0.114	0.11	0.106	0.11	0.109	0.112	0.11
Aa4517_5	0.113	0.116	0.111	0.114	0.111	0.106	0.112	0.108	0.11
Aa4517_6	0.121	0.117	0.105	0.12	0.104	0.1	0.104	0.112	0.117
Aa4517_7	0.116	0.108	0.107	0.111	0.107	0.11	0.113	0.113	0.116
Aa4517_8	0.107	0.117	0.106	0.11	0.109	0.107	0.11	0.119	0.114
Aa4519_1	0.104	0.114	0.117	0.107	0.106	0.109	0.109	0.12	0.113
Aa4519_2	0.112	0.111	0.1	0.118	0.116	0.114	0.112	0.108	0.108
Aa4519_3	0.109	0.115	0.114	0.116	0.111	0.11	0.107	0.109	0.109
Aa4519_4	0.119	0.112	0.113	0.107	0.116	0.113	0.106	0.109	0.106
Aa4519_5	0.11	0.116	0.112	0.117	0.111	0.105	0.113	0.111	0.105
Aa4519_6	0.118	0.113	0.113	0.104	0.104	0.107	0.115	0.116	0.11
Aa4519_7	0.117	0.111	0.111	0.111	0.116	0.106	0.108	0.112	0.107
Aa4519_8	0.113	0.108	0.108	0.115	0.106	0.114	0.113	0.116	0.107
Aa4522_1	0.111	0.113	0.109	0.111	0.106	0.116	0.107	0.116	0.11
Aa4522_2	0.107	0.115	0.11	0.115	0.107	0.104	0.114	0.118	0.11
Aa4522_3	0.106	0.109	0.109	0.103	0.116	0.115	0.111	0.114	0.117
Aa4522_4	0.104	0.11	0.113	0.113	0.119	0.103	0.113	0.108	0.117
Aa4522_5	0.127	0.111	0.107	0.115	0.104	0.106	0.109	0.107	0.113
Aa4522_6	0.107	0.114	0.108	0.11	0.11	0.107	0.118	0.113	0.113
Aa4522_7	0.109	0.118	0.117	0.107	0.117	0.111	0.106	0.107	0.108
Aa4522_8	0.108	0.116	0.104	0.117	0.111	0.11	0.109	0.111	0.113
Aa4523_1	0.113	0.11	0.113	0.109	0.112	0.104	0.113	0.109	0.117
Aa4523_2	0.12	0.116	0.109	0.106	0.114	0.117	0.11	0.105	0.103
Aa4523_3	0.108	0.116	0.108	0.111	0.115	0.111	0.113	0.104	0.113
Aa4523_4	0.108	0.116	0.111	0.104	0.118	0.114	0.109	0.114	0.107
Aa4523_5	0.109	0.111	0.113	0.105	0.122	0.113	0.113	0.108	0.105
Aa4523_6	0.118	0.113	0.113	0.107	0.116	0.116	0.103	0.106	0.109
Aa4523_7	0.108	0.111	0.107	0.119	0.113	0.114	0.105	0.11	0.114
Aa4523_8	0.113	0.106	0.11	0.116	0.113	0.103	0.109	0.109	0.12
Aa4525_1	0.111	0.115	0.108	0.108	0.103	0.112	0.113	0.11	0.12
Aa4525_2	0.109	0.109	0.108	0.113	0.112	0.113	0.112	0.117	0.105
Aa4525_3	0.109	0.113	0.117	0.114	0.106	0.109	0.116	0.106	0.111
Aa4525_4	0.111	0.108	0.105	0.109	0.116	0.11	0.118	0.112	0.111
Aa4525_5	0.11	0.12	0.102	0.114	0.106	0.113	0.113	0.115	0.108
Aa4525_6	0.108	0.115	0.11	0.112	0.112	0.108	0.111	0.11	0.113
Aa4525_7	0.12	0.111	0.115	0.111	0.11	0.107	0.113	0.111	0.103
Aa4525_8	0.104	0.105	0.114	0.12	0.115	0.109	0.115	0.112	0.105
Aa4554_1	0.112	0.103	0.109	0.116	0.114	0.113	0.108	0.117	0.108
Aa4554_10	0.111	0.109	0.116	0.114	0.109	0.112	0.105	0.112	0.111
Aa4554_11	0.115	0.11	0.11	0.115	0.112	0.111	0.11	0.107	0.11
Aa4554_12	0.104	0.114	0.111	0.114	0.116	0.109	0.116	0.106	0.11
Aa4554_13	0.112	0.108	0.112	0.108	0.112	0.11	0.12	0.109	0.109
Aa4554_14	0.112	0.106	0.112	0.109	0.11	0.113	0.106	0.12	0.112
Aa4554_15	0.106	0.11	0.112	0.117	0.116	0.111	0.105	0.108	0.115
Aa4554_16	0.114	0.115	0.119	0.105	0.108	0.108	0.11	0.114	0.109
Aa4554_2	0.119	0.11	0.111	0.113	0.109	0.104	0.106	0.111	0.116
Aa4554_3	0.109	0.112	0.115	0.105	0.109	0.111	0.113	0.11	0.116
Aa4554_4	0.109	0.112	0.109	0.113	0.114	0.106	0.112	0.112	0.113
Aa4554_5	0.105	0.111	0.102	0.107	0.119	0.116	0.117	0.113	0.11
Aa4554_6	0.114	0.121	0.108	0.11	0.114	0.1	0.112	0.107	0.112
Aa4554_7	0.118	0.107	0.106	0.108	0.105	0.114	0.113	0.12	0.109
Aa4554_8	0.107	0.109	0.116	0.11	0.106	0.114	0.114	0.108	0.115
Aa4554_9	0.11	0.111	0.114	0.107	0.107	0.11	0.11	0.113	0.119
Aa4939_1	0.11	0.105	0.116	0.111	0.12	0.107	0.112	0.11	0.109
Aa4939_10	0.117	0.107	0.113	0.108	0.113	0.102	0.112	0.116	0.113
Aa4939_12	0.118	0.103	0.117	0.114	0.112	0.111	0.114	0.104	0.106
Aa4939_13	0.112	0.114	0.113	0.109	0.111	0.105	0.113	0.111	0.112
Aa4939_14	0.114	0.111	0.112	0.113	0.108	0.102	0.109	0.114	0.118
Aa4939_15	0.107	0.111	0.104	0.112	0.106	0.121	0.119	0.116	0.105
Aa4939_16	0.122	0.106	0.106	0.116	0.112	0.116	0.108	0.102	0.111
Aa4939_2	0.113	0.109	0.109	0.107	0.117	0.113	0.11	0.111	0.11
Aa4939_3	0.117	0.11	0.107	0.115	0.116	0.103	0.118	0.105	0.109
Aa4939_4	0.108	0.114	0.111	0.116	0.115	0.109	0.112	0.111	0.103
Aa4939_5	0.112	0.107	0.115	0.113	0.107	0.106	0.115	0.112	0.111
Aa4939_6	0.118	0.104	0.113	0.115	0.114	0.109	0.104	0.111	0.112
Aa4939_7	0.102	0.118	0.114	0.108	0.11	0.11	0.109	0.115	0.114
Aa4939_8	0.117	0.114	0.112	0.108	0.105	0.105	0.115	0.106	0.118
Aa4939_9	0.12	0.104	0.109	0.107	0.113	0.107	0.118	0.112	0.11
Aa4940_1	0.11	0.103	0.113	0.109	0.107	0.118	0.118	0.113	0.11
Aa4940_10	0.111	0.106	0.108	0.109	0.12	0.117	0.108	0.112	0.109
Aa4940_11	0.114	0.11	0.116	0.112	0.109	0.108	0.112	0.111	0.109
Aa4940_12	0.106	0.114	0.113	0.111	0.111	0.11	0.114	0.111	0.11
Aa4940_13	0.106	0.115	0.124	0.117	0.111	0.104	0.107	0.103	0.113
Aa4940_14	0.108	0.111	0.113	0.104	0.111	0.119	0.108	0.114	0.111
Aa4940_16	0.114	0.109	0.112	0.118	0.104	0.11	0.107	0.12	0.106
Aa4940_2	0.105	0.111	0.109	0.104	0.122	0.108	0.111	0.117	0.111
Aa4940_3	0.114	0.113	0.106	0.117	0.109	0.113	0.109	0.11	0.109
Aa4940_4	0.118	0.11	0.107	0.113	0.112	0.107	0.111	0.116	0.108
Aa4940_5	0.108	0.112	0.107	0.104	0.116	0.119	0.115	0.111	0.11
Aa4940_6	0.117	0.107	0.108	0.114	0.111	0.103	0.112	0.111	0.116
Aa4940_7	0.106	0.113	0.108	0.112	0.103	0.117	0.115	0.105	0.121
Aa4940_8	0.115	0.101	0.114	0.112	0.113	0.099	0.111	0.112	0.121
Aa4940_9	0.116	0.113	0.114	0.111	0.108	0.118	0.105	0.1	0.116
S543_1	0.112	0.109	0.115	0.107	0.107	0.114	0.115	0.11	0.112
S543_10	0.109	0.112	0.114	0.108	0.115	0.116	0.109	0.111	0.107
S543_11	0.112	0.118	0.109	0.108	0.109	0.107	0.119	0.104	0.113
S543_12	0.111	0.119	0.108	0.109	0.115	0.102	0.115	0.113	0.108
S543_13	0.111	0.11	0.114	0.111	0.109	0.115	0.106	0.112	0.111
S543_14	0.112	0.107	0.11	0.123	0.109	0.118	0.112	0.102	0.107
S543_15	0.113	0.109	0.112	0.105	0.107	0.111	0.112	0.117	0.114
S543_16	0.11	0.111	0.114	0.109	0.11	0.12	0.106	0.108	0.112
S543_2	0.109	0.113	0.111	0.108	0.114	0.114	0.115	0.112	0.105
S543_3	0.11	0.114	0.11	0.107	0.11	0.117	0.109	0.112	0.112
S543_4	0.113	0.107	0.113	0.108	0.11	0.117	0.114	0.108	0.11
S543_5	0.114	0.108	0.107	0.114	0.117	0.106	0.11	0.112	0.113
S543_6	0.112	0.099	0.112	0.119	0.114	0.104	0.114	0.112	0.114
S543_7	0.106	0.109	0.118	0.113	0.11	0.113	0.108	0.111	0.113
S543_8	0.109	0.115	0.115	0.112	0.112	0.106	0.115	0.106	0.111
S543_9	0.112	0.111	0.117	0.104	0.106	0.11	0.11	0.107	0.121
