name	weight	ranking	foldChange	higherIn	case1	case2	case3	control1	control2	control3
SF3B1	0.99906704216243	1	-0.236470472	control	0.283198634	0.27896994	0.405474972	0.443509247	0.650759237	0.173061082
PDIA2	0.998078594941955	2	-0.247818562	control	0.123381382	0.291498034	0.57227493	0.264566354	0.514119992	0.533702257
TGFBR2	0.994602559989464	3	0.221089433	case	0.986051067	0.724247034	0.477134352	0.888992345	0.867667063	0.03471835
PTPN4	0.993734842237702	4	0.153811157	case	0.254007851	0.482305289	0.626474424	0.299633699	0.076820255	0.804664425
ELOVL5	0.992795582450183	5	0.206224408	case	0.783265937	0.56033331	0.149057083	0.466424962	0.633731111	0.137305481
RAD54L2	0.992393933214707	6	-0.480921259	control	0.053831549	0.227653072	0.82687599	0.994609895	0.933791872	0.20684386
DCLRE1B	0.990495465712949	7	-0.020010516	control	0.999792564	0.480372228	0.596451742	0.218225617	0.922183822	0.978609764
KIF1BP	0.989806158451988	8	-0.170516797	control	0.75783871	0.986098096	0.084563201	0.704121891	0.625029679	0.875233039
HLA-C	0.989191958605462	9	-0.643316745	control	0.087468816	0.258096384	0.152921179	0.390028141	0.56584961	0.441682612
NAT8B	0.988636018671481	10	2.078648014	case	0.855346872	0.541518027	0.57996871	0.187270142	0.285175798	0.169665013
WDTC1	0.987430970242978	11	0.436338941	case	0.233373768	0.634579485	0.531648495	0.746014729	0.162872966	0.065535338
KLF9	0.987420465083663	12	0.243916842	case	0.806466804	0.385102277	0.711402626	0.213691491	0.827574415	0.488556381
MCM8	0.985284229676402	13	0.344492258	case	0.52410601	0.546452584	0.943299937	0.629811667	0.031878841	0.836167527
DLD	0.984044737989997	14	-0.087104662	control	0.137303658	0.901495619	0.399051233	0.159326723	0.627410343	0.788307139
PRMT7	0.983929045970749	15	0.10890421	case	0.715107032	0.547286634	0.084952216	0.169323948	0.931702776	0.113997865
SEMA3B	0.983923978038975	16	-0.414673405	control	0.216471396	0.158913526	0.836005825	0.444624971	0.897153534	0.72781949
PICK1	0.983300332487826	17	0.14772158	case	0.932468676	0.205181252	0.0316893	0.15661702	0.416765702	0.44545255
MARK1	0.982569292670047	18	0.412276134	case	0.611237131	0.162643016	0.984015743	0.095119229	0.278771471	0.87083464
BECN1	0.982048945374202	19	0.207393274	case	0.555307625	0.729321726	0.509110374	0.70149639	0.546363901	0.237769754
SMARCA4	0.979136144491202	20	-0.282481889	control	0.132285325	0.548471916	0.888566522	0.382277349	0.910464019	0.894414243
ACAA1	0.975956238113695	21	0.451799581	case	0.443016593	0.188389542	0.792023282	0.314698962	0.193143288	0.472616371
TNFRSF10B	0.974537629655931	22	-0.485668144	control	0.053597815	0.080280952	0.826101949	0.988430867	0.039869713	0.838161132
TUBA1A	0.973488582318938	23	2.615706879	case	0.63730629	0.782515779	0.791415147	0.433183081	0.036369767	0.142011444
TUBD1	0.972241315159768	24	0.764682837	case	0.260727351	0.481009536	0.63099958	0.474483941	0.274333396	0.02907682
HIST1H3F	0.970324158361631	25	-0.38081619	control	0.46910052	0.58446484	0.070954585	0.094893356	0.825291533	0.89594778
UBR3	0.96965829636015	26	-0.004681816	control	0.794589424	0.271452924	0.106421107	0.449426592	0.079722871	0.648829071
BEGAIN	0.968970008395478	27	-0.102501599	control	0.751929508	0.361920084	0.410840343	0.333581612	0.38668133	0.978558955
CYR61	0.966571912566926	28	-0.553406041	control	0.370485793	0.101662435	0.470518193	0.558875877	0.748918544	0.802996379
LEFTY2	0.965373531078622	29	1.514984066	case	0.987487575	0.564996093	0.618301778	0.339445804	0.376220283	0.147474747
CEL	0.964015937706506	30	-0.634742388	control	0.416934755	0.081252775	0.092396595	0.983921784	0.599459321	0.03351641
UBE3C	0.960137140827273	31	0.122002678	case	0.299400387	0.832513317	0.666457012	0.45991458	0.581743425	0.561164119
SLCO2B1	0.960015357080117	32	0.384118029	case	0.292831556	0.984448405	0.51699094	0.526489633	0.358544689	0.411293638
INPP1	0.958604467785189	33	-0.111191258	control	0.801172362	0.719801555	0.21423751	0.899534077	0.220450354	0.832304454
PTN	0.958330989384955	34	-0.418587883	control	0.244095916	0.654688314	0.111617713	0.527901301	0.338257943	0.871681976
BRD2	0.95819839711472	35	-0.47288099	control	0.189471482	0.133431768	0.839349278	0.607439951	0.609187005	0.988287882
SLC39A9	0.958075003433249	36	0.830328641	case	0.440186914	0.790235137	0.951807457	0.124877199	0.603016552	0.464367277
LHX2	0.955603653434116	37	-0.125223	control	0.131830665	0.412804402	0.656487935	0.208245205	0.804330532	0.3604862
MOSPD1	0.952686925216141	38	1.473170585	case	0.911889813	0.354622855	0.74438131	0.295395849	0.493802089	0.023885473
SNAP23	0.949908846358517	39	-0.240401763	control	0.663968254	0.174117873	0.387064314	0.567350499	0.590942359	0.45459983
GCK	0.949822083180672	40	-0.111376129	control	0.190902853	0.702764803	0.979789872	0.546692028	0.566252528	0.995323733
TNFRSF14	0.949081000950822	41	0.378157424	case	0.795954986	0.380847529	0.320947861	0.327391879	0.372435452	0.386950094
SBDS	0.947949684175439	42	-0.112333817	control	0.826306721	0.680236386	0.575685981	0.473948625	0.913675142	0.958110619
VPS13D	0.946069323977357	43	-0.486884623	control	0.571413072	0.025692285	0.088678935	0.235056835	0.633021631	0.468432429
CCDC59	0.944118569767781	44	-0.176154615	control	0.406279942	0.688401498	0.007662446	0.289539819	0.25071904	0.797788189
RRS1	0.941816575794057	45	1.647794967	case	0.815987253	0.256528012	0.829788035	0.291102937	0.184014864	0.243330313
COLQ	0.939838254337713	46	0.846796657	case	0.70004267	0.284458991	0.377492173	0.05681496	0.028178083	0.65249683
EIF2AK4	0.937822118715544	47	-0.480548177	control	0.382868448	0.281660343	0.328535803	0.943594399	0.014894876	0.953265677
ANP32B	0.937290380549169	48	0.484003401	case	0.573463589	0.876184336	0.376409545	0.359909561	0.036474857	0.834109709
TRMT11	0.937265264691391	49	-0.447334958	control	0.008915056	0.883788809	0.111359443	0.519724684	0.303279447	0.993762321
SKAP1	0.936352471950852	50	-0.300902504	control	0.260623679	0.436932781	0.453251351	0.565236934	0.142650347	0.938246225
S100A11	0.935987282396234	51	0.80952728	case	0.679219655	0.324562013	0.943608937	0.037201533	0.365729487	0.673256461
MYH3	0.934828315776462	52	-0.116727942	control	0.527024953	0.36046762	0.182192247	0.25109544	0.564816499	0.395136017
MACROD1	0.93243288261142	53	-0.132909161	control	0.653456824	0.51786091	0.249668755	0.537812527	0.237341729	0.863643463
SLC35G2	0.93192001313755	54	0.827591881	case	0.985246312	0.695306809	0.894560445	0.250329527	0.691018831	0.467671672
DNAJB11	0.930512342342939	55	0.119809394	case	0.447007309	0.506833377	0.782728943	0.591068175	0.303756169	0.65594817
SRSF3	0.928052430831459	56	0.59076821	case	0.029332343	0.73210385	0.817570881	0.00885503	0.935324883	0.048426718
NR1H2	0.927245445494015	57	-0.788269082	control	0.085552232	0.14276583	0.048784504	0.316477787	0.160421045	0.831849881
ZNF286A	0.927185202538995	58	0.810785392	case	0.226534463	0.644205404	0.879986192	0.322652371	0.095259283	0.548920786
TRIM25	0.924859012550818	59	-0.208973059	control	0.489655345	0.245666639	0.480896842	0.1340606	0.477403479	0.926054761
MRPL16	0.922773421317134	60	0.554872449	case	0.898798556	0.009977395	0.274598435	0.215084888	0.252214195	0.293775812
CA2	0.92269275683973	61	-0.58292681	control	0.013655567	0.021929823	0.468952105	0.040278077	0.746948593	0.422483055
CPA2	0.92016610016362	62	1.227857408	case	0.899776019	0.709638702	0.883688711	0.128169077	0.42809612	0.5627936
ADARB1	0.919893830864455	63	0.080354482	case	0.073841877	0.926859573	0.365383979	0.289760756	0.444544929	0.530173198
FTSJ1	0.91833899065768	64	-0.099218779	control	0.290462492	0.548009157	0.485230457	0.182716251	0.709240954	0.577547349
GLUL	0.915525126570028	65	-0.332931479	control	0.398005186	0.067947302	0.798170184	0.779476507	0.245872172	0.869693033
CUTA	0.914466037759236	66	0.974755552	case	0.790045357	0.625636395	0.381489065	0.218043375	0.231886625	0.460142548
CDK9	0.913014498645068	67	-0.216457785	control	0.700850073	0.511064089	0.651069369	0.606179876	0.79479241	0.976670545
PEG10	0.912260083517071	68	-0.238389432	control	0.429302485	0.261176171	0.602772899	0.927983722	0.450492337	0.319572274
POLR2C	0.912172343754512	69	0.381950789	case	0.699246076	0.424475931	0.165470595	0.200232504	0.055550474	0.677095829
TSC22D1	0.911900091597237	70	0.20939485	case	0.627005316	0.709638858	0.346140202	0.029155582	0.779889004	0.582382189
GGA3	0.911801131562645	71	0.462059055	case	0.74848991	0.650474093	0.280684818	0.857368192	0.241103511	0.050352494
FGD6	0.908832329658068	72	0.039708563	case	0.890036233	0.711763763	0.460547461	0.784979891	0.81294397	0.385658395
KIAA1522	0.908679436157011	73	-0.308085522	control	0.843999511	0.290860331	0.509885655	0.798058063	0.971925138	0.607110428
CD37	0.908248818284871	74	-0.087456899	control	0.848596675	0.798141714	0.796106236	0.943729958	0.896256192	0.836977407
SARS	0.906653800098843	75	1.508768581	case	0.776992906	0.954847311	0.406015403	0.059038808	0.365938839	0.42717573
HCN1	0.905671652617877	76	-0.321216933	control	0.162939571	0.845350562	0.086481697	0.959986228	0.190658434	0.462200272
GTF3A	0.904422585429451	77	0.672904443	case	0.294302627	0.984532355	0.493299256	0.119863491	0.70190108	0.237551306
PAPOLA	0.903273904045203	78	0.198425521	case	0.875032726	0.528610767	0.544833398	0.931763908	0.429081791	0.265018285
ERCC3	0.901622188806186	79	-0.09021104	control	0.277611122	0.206431022	0.983036222	0.510082855	0.885117154	0.217347989
E2F1	0.900460695951332	80	0.319672069	case	0.593420568	0.084626639	0.726425979	0.615034264	0.274099066	0.175125905
TOM1L2	0.899757533231989	81	0.018147119	case	0.089611935	0.430300901	0.75233406	0.28869205	0.333977931	0.626900805
PCDHGC5	0.898888853484247	82	0.69214491	case	0.877763925	0.924772431	0.680290712	0.544750963	0.227808607	0.694706652
CHRM4	0.896488227238531	83	-0.606778962	control	0.139689279	0.138216343	0.536424609	0.70702825	0.766645688	0.597248395
GPR107	0.895907539440173	84	0.726233765	case	0.581491252	0.662932909	0.915925025	0.188271776	0.226538649	0.836670823
ATM	0.894647612386255	85	0.789723729	case	0.250305886	0.941230938	0.953539973	0.359743894	0.326902008	0.51190601
STAP2	0.893940761512517	86	0.048345834	case	0.913182346	0.944331283	0.249619835	0.779817267	0.70833923	0.521803761
AMZ2	0.893455595941863	87	-0.401056576	control	0.065239805	0.22218793	0.515004613	0.074679927	0.6156944	0.64937216
KIAA1671	0.88950847377688	88	0.205750072	case	0.931616137	0.746182238	0.173771583	0.541299839	0.768655179	0.225661691
ECT2	0.889264629794461	89	-0.182837413	control	0.833348647	0.169839251	0.880581461	0.998163526	0.496963455	0.81012951
APRT	0.888780732453205	90	0.202239634	case	0.217865124	0.175436146	0.945372958	0.081320503	0.041851866	0.990311323
PIN1	0.881132801236475	91	-0.079290922	control	0.004335073	0.063738697	0.976793358	0.234739809	0.669963217	0.230147442
ST8SIA3	0.880605659457452	92	0.400866685	case	0.472321065	0.196276913	0.909395615	0.309563093	0.032750826	0.784127027
ZNF428	0.88055950957798	93	-0.034744143	control	0.221694547	0.895118155	0.490670966	0.794076816	0.676117733	0.195150091
PCDHB12	0.879659663407538	94	0.691616771	case	0.760343346	0.720262362	0.659547888	0.349048329	0.225202909	0.690901504
SORL1	0.878455437823958	95	-0.417648665	control	0.455843702	0.057852903	0.70537928	0.80456731	0.492786527	0.796014569
ARID4A	0.877440097783825	96	0.27321218	case	0.74322057	0.966471987	0.945946287	0.624015546	0.792784736	0.668978417
CCS	0.87648395531354	97	6.142347245	case	0.629907945	0.639570218	0.545284934	0.018502935	0.102537453	0.133044583
OAS1	0.874429094310285	98	0.237453552	case	0.492638598	0.813779583	0.124143787	0.580006431	0.056095743	0.519950889
PRKAG3	0.87293878729415	99	-0.236613171	control	0.383913513	0.522314782	0.040491616	0.855835901	0.259444567	0.124877044
CEPT1	0.870816363254405	100	0.02955099	case	0.276345316	0.132038817	0.671022018	0.285495501	0.300956435	0.461972243
VAPA	0.870621818612893	101	0.267896885	case	0.109632606	0.861334748	0.884452237	0.750876452	0.053194939	0.659312275
NDUFC1	0.869881663339071	102	0.865321992	case	0.95475487	0.076272889	0.320277088	0.185885032	0.221452791	0.317097344
E2F3	0.86815118402594	103	-0.223205155	control	0.926169083	0.197910058	0.012755669	0.054381617	0.781755812	0.627356847
TMF1	0.867691456244425	104	0.008273878	case	0.894500664	0.958059481	0.290244209	0.703651642	0.663318498	0.758250399
EML4	0.866496585605024	105	0.357349969	case	0.496537318	0.691436563	0.969483565	0.23403657	0.787740194	0.567686157
CACNA1C	0.86549064981276	106	-0.057864422	control	0.341064969	0.169241815	0.498673989	0.821790139	0.049520296	0.199640281
SLC4A1	0.864807861773361	107	0.417577715	case	0.88006626	0.873536456	0.575726948	0.817677027	0.24488053	0.580618433
EIF2AK2	0.861417656196086	108	-0.15302614	control	0.885220041	0.38256946	0.007355693	0.718280464	0.429676951	0.357573339
AKR1E2	0.861088354928281	109	0.615709938	case	0.936120178	0.288565309	0.469758776	0.646501755	0.087771761	0.314456966
NCK1	0.858085916286096	110	0.351810032	case	0.887030732	0.858553617	0.659496248	0.416421383	0.817516083	0.545218288
PARP10	0.857083631354171	111	-0.16178478	control	0.437973178	0.475879024	0.320322632	0.638600595	0.246642124	0.587141467
ARPC5L	0.856217447370269	112	-0.134132342	control	0.541353933	0.258446308	0.738608517	0.565679763	0.680883748	0.530161539
TAS2R4	0.856053421517863	113	0.03463026	case	0.230299164	0.708704617	0.841776582	0.557503053	0.217689899	0.945982651
GLA	0.855088619240342	114	1.251653214	case	0.786200627	0.810920786	0.253716352	0.165706297	0.368079409	0.288204889
CCDC14	0.852827587736811	115	0.455174809	case	0.381610876	0.582781197	0.418872148	0.012682301	0.895733134	0.042167417
SEC14L3	0.852528590674442	116	0.449707928	case	0.753200533	0.123793528	0.602871561	0.025673208	0.990832978	0.004296413
XBP1	0.852016973881539	117	-0.062445583	control	0.683307915	0.496720678	0.358968819	0.204952274	0.586139829	0.850409858
POMC	0.85090800856685	118	0.20354604	case	0.041921005	0.973930177	0.051826709	0.379423157	0.373077718	0.13460926
SOS1	0.850536754283391	119	-0.456016468	control	0.702520272	0.38056017	0.133474991	0.944256971	0.604106286	0.688019577
TCEAL8	0.850323862718259	120	-0.156041057	control	0.567684998	0.586177665	0.127122507	0.229022947	0.887766868	0.401038961
CCKBR	0.849972299911911	121	-0.521883059	control	0.017920369	0.33853465	0.586464081	0.96313441	0.512806645	0.496210565
GPX1	0.849693844920558	122	0.899431647	case	0.335911171	0.999773123	0.679408746	0.293705994	0.101550724	0.665635914
OTP	0.84739945723103	123	-0.280099406	control	0.63789762	0.530490291	0.446774128	0.796169118	0.777462423	0.669958828
NSUN5	0.846529403285658	124	0.021921086	case	0.348574977	0.914135168	0.90112395	0.399692413	0.925658579	0.792067001
FBXO25	0.844342381495237	125	-0.467151136	control	0.379838917	0.454424561	0.416218137	0.895860047	0.461523347	0.989401409
NUAK2	0.842396744786328	126	7.920951717	case	0.32147307	0.743674955	0.797884972	0.06140851	0.03120896	0.11622045
MLST8	0.839009167320221	127	-0.349390134	control	0.000999418	0.180591373	0.841729745	0.756727389	0.759439458	0.05669669
C5orf28	0.838947784834775	128	1.495800571	case	0.424084819	0.048602298	0.959111853	0.303643571	0.1584493	0.111590373
CA9	0.838402608756176	129	-0.486097045	control	0.411421827	0.236129166	0.011427529	0.207844759	0.272724664	0.801732063
MT1X	0.837900449095441	130	-0.527361165	control	0.650507635	0.178827792	0.010162603	0.006902548	0.815233277	0.954057682
POLH	0.836319659472614	131	0.724192902	case	0.052485543	0.55706683	0.900974956	0.231579838	0.48990424	0.15459384
SLC38A10	0.836229736161115	132	-0.049605571	control	0.726741469	0.053000053	0.816695273	0.420428701	0.984862842	0.274470823
GSTT1	0.836172920709126	133	1.32482946	case	0.069278973	0.75287412	0.710455693	0.10687278	0.334042555	0.218319595
POLG	0.833971738754734	134	-0.276175323	control	0.226639718	0.111922644	0.781430327	0.157864376	0.680427967	0.709033584
PCDHA11	0.833779609211363	135	-0.756725783	control	0.333372687	0.121353655	0.011341141	0.901802906	0.843615848	0.170392501
IFRD2	0.832912384105407	136	1.181318632	case	0.740526589	0.926532589	0.228683117	0.205237662	0.100866144	0.562977065
DAZAP2	0.832200690295632	137	0.969749212	case	0.593827605	0.660836094	0.478458647	0.021871876	0.719250285	0.138747386
DDX58	0.831110154723853	138	-0.468469943	control	0.083986296	0.660719557	0.092229496	0.757311084	0.62598512	0.19128145
CDK15	0.829176120704962	139	0.40020296	case	0.972305556	0.032632572	0.193211039	0.267362081	0.534641254	0.053693447
PIK3R1	0.827703375396012	140	-0.744593402	control	0.24894947	0.038001535	0.112451379	0.437276253	0.597940369	0.528573773
VAV2	0.826875222837622	141	-0.379541877	control	0.297354293	0.060950222	0.962958775	0.83666494	0.626954164	0.665877219
ARL15	0.826491606032295	142	0.456256071	case	0.509953037	0.881899201	0.475558224	0.668487146	0.471602958	0.142246498
AK4	0.82592797647296	143	0.197410627	case	0.977255648	0.213021767	0.73186506	0.493079306	0.448443245	0.663726669
CCDC148	0.823201061074928	144	0.772799986	case	0.343005812	0.472229859	0.753524141	0.076204434	0.562665502	0.246035201
UPF2	0.822277174423012	145	-0.363297277	control	0.244172894	0.400882866	0.411028487	0.875015351	0.602589739	0.181072044
ILVBL	0.820802024303507	146	-0.384338731	control	0.197278942	0.579593463	0.179104121	0.870961448	0.064002257	0.617800086
AOC2	0.819740403776599	147	-0.118449501	control	0.671163972	0.226653137	0.30006344	0.638782129	0.132983376	0.587068221
BCO1	0.818878552761969	148	2.129931781	case	0.431462054	0.87321934	0.745233681	0.119912755	0.128609574	0.40641689
PLEKHA1	0.816245277273153	149	1.072107441	case	0.260511507	0.533958179	0.674557426	0.393098593	0.01699913	0.298855434
AKAP5	0.81458040564826	150	1.043288412	case	0.829914141	0.442934666	0.186612025	0.485904908	0.039761623	0.188604066
AGO3	0.813524280935686	151	0.580959996	case	0.339986206	0.520850475	0.965005306	0.15546129	0.36687594	0.632557259
PSMG1	0.811281073479239	152	0.939246767	case	0.742469757	0.59704523	0.977769158	0.972604932	0.099017233	0.123318151
HSD3B1	0.809379944787499	153	0.226742919	case	0.97965744	0.668895693	0.728763483	0.545434258	0.90492217	0.487552957
RAX2	0.809012249269781	154	-0.676689526	control	0.084970746	0.219900779	0.325285489	0.635454325	0.724520307	0.58910238
PTBP3	0.806237085379592	155	-0.83020947	control	0.129519861	0.10240779	0.077390047	0.438823922	0.681255935	0.701680741
MTHFD2	0.806140569013718	156	-0.306001339	control	0.815435156	0.60880836	0.070755244	0.747817091	0.624682173	0.781681778
NOC4L	0.80308400320993	157	-0.618528245	control	0.19873675	0.442739978	0.25638516	0.54258242	0.839034992	0.972061138
S1PR1	0.802128402172876	158	-0.609881816	control	0.495644219	0.274479408	0.206806527	0.944361262	0.65434166	0.905487329
TPH1	0.798575636163701	159	-0.128926032	control	0.872235504	0.027750088	0.13360391	0.766029364	0.038690786	0.381849006
KRT31	0.797794327789756	160	0.128290759	case	0.546479648	0.165392247	0.685944708	0.385728464	0.22307429	0.630077022
KDELC1	0.796666886923888	161	0.152680575	case	0.446800863	0.887883023	0.194893367	0.018602642	0.603074701	0.705296744
GADD45A	0.796098974386462	162	0.000199189	case	0.358128353	0.747669976	0.166906592	0.236063924	0.864951643	0.171435896
DCP2	0.7942843836536	163	-0.438208114	control	0.890123478	0.053575171	0.15295279	0.636006152	0.630904757	0.685149038
C16orf89	0.792562519354107	164	0.512145441	case	0.973013624	0.329779668	0.815242445	0.280397006	0.660605167	0.45968038
MT-ND6	0.792456860497627	165	0.937703617	case	0.895954628	0.677724911	0.839141805	0.444338165	0.528314694	0.272543425
GALK1	0.79117052588079	166	0.33564235	case	0.827209085	0.0478438	0.488857264	0.532130561	0.202674299	0.286359338
COX5A	0.789203213435278	167	-0.334977033	control	0.183528196	0.283939012	0.718067857	0.886122876	0.014033814	0.882541235
PCDHA4	0.788561803113904	168	-0.42796301	control	0.091558143	0.811020216	0.194441094	0.365236483	0.802415694	0.750089983
ARF6	0.786063353505465	169	-0.307276834	control	0.420400431	0.150096723	0.929952044	0.648005695	0.779297317	0.738712608
MAFB	0.781576747911696	170	-0.578699051	control	0.024027325	0.908439456	0.107758579	0.993037174	0.81052669	0.665515219
LRPAP1	0.780453305213959	171	-0.420055008	control	0.379605286	0.427062348	0.168879971	0.232254753	0.770761745	0.679121666
MSI2	0.779639443833603	172	-0.248870837	control	0.314061929	0.708588152	0.346001203	0.663340614	0.284804955	0.873979507
ACER2	0.777836973559024	173	0.007112957	case	0.379369835	0.658774142	0.781392022	0.949123026	0.150577896	0.706984203
PAXBP1	0.777462074482948	174	-0.319366227	control	0.307986028	0.248798898	0.92004279	0.557864961	0.951096663	0.660821562
TNNI2	0.776487807153511	175	-0.466764604	control	0.090166002	0.70057951	0.293294643	0.490578622	0.982062563	0.560307422
ATF7	0.775547260141591	176	-0.253246617	control	0.544521938	0.531242869	0.626464501	0.599817138	0.962433769	0.71725575
SUPT5H	0.775433796692887	177	1.888998767	case	0.937676879	0.816235285	0.495432409	0.324196463	0.00132078	0.453072418
C22orf46	0.775405135198076	178	0.697485293	case	0.680899556	0.924548308	0.684793764	0.414348153	0.659647529	0.27520106
DR1	0.775228089906687	179	0.318649008	case	0.402554392	0.566860832	0.838226077	0.101214538	0.64134136	0.628272343
NQO1	0.77214283878312	180	0.33451967	case	0.800522766	0.513363986	0.498622513	0.86313476	0.058026176	0.437012573
C11orf87	0.771914476030847	181	1.117607671	case	0.805404317	0.777232429	0.262457465	0.288238633	0.366939952	0.21613211
PDXDC1	0.770644011008085	182	-0.11370213	control	0.602950181	0.493893039	0.234785525	0.602071312	0.691103543	0.209287003
PREPL	0.770586055243288	183	-0.239553068	control	0.068798171	0.861008253	0.013004124	0.517098497	0.460380827	0.262331778
RABEP1	0.769975273230104	184	-0.07313818	control	0.615288242	0.51208665	0.841244015	0.930598963	0.538154422	0.655208209
HTR2A	0.769927078227743	185	-0.232889143	control	0.248770663	0.169484429	0.938169404	0.736009366	0.721280345	0.31093516
MED17	0.768551517768436	186	-0.213798441	control	0.421005781	0.635186379	0.600481204	0.91414233	0.375497532	0.817546705
CUX1	0.768434032614168	187	-0.066742263	control	0.90466648	0.241872295	0.051588205	0.503453396	0.578267561	0.202090504
ATP2A3	0.767987004548132	188	0.337458201	case	0.733742133	0.72416617	0.89517078	0.36171638	0.725205116	0.672444952
ZNF280C	0.767616586603275	189	0.078689085	case	0.650459322	0.858311678	0.798920121	0.765467158	0.595334514	0.778546128
LY96	0.766768060920667	190	-0.38842052	control	0.69656869	0.207911996	0.324165239	0.335478586	0.934657552	0.738835656
CP	0.766494844432297	191	1.530302417	case	0.022413654	0.997136895	0.153662767	0.047534194	0.181705195	0.234425867
PIAS3	0.764920733957713	192	0.203675212	case	0.98918581	0.861989835	0.114668433	0.80366808	0.199852291	0.629681059
UBR7	0.762140898634666	193	0.28501521	case	0.834270164	0.658116181	0.670457661	0.812815651	0.580469556	0.289841958
S1PR4	0.761633821857509	194	-0.148214677	control	0.75453664	0.27821104	0.283847869	0.539999264	0.965444767	0.040245374
NUP98	0.758804444178936	195	-0.394202687	control	0.627904178	0.093624528	0.060705104	0.401506429	0.811105644	0.078634675
HSPD1	0.757179557379411	196	0.358189979	case	0.467517019	0.700225074	0.680193964	0.081689714	0.502498346	0.776399255
ZNF362	0.756954049487111	197	-0.299255442	control	0.187382889	0.43794656	0.10841109	0.634197879	0.213266303	0.199622849
CDKN1A	0.756141926441929	198	0.147702964	case	0.975853971	0.805320486	0.650986797	0.205008252	0.952928415	0.961219012
RAD23A	0.755700280867838	199	0.442823821	case	0.565910591	0.878872885	0.61678724	0.665105984	0.449299624	0.314438776
GEMIN6	0.755167140259959	200	-0.175765838	control	0.431218447	0.539996087	0.680818923	0.775625723	0.376714427	0.851985239
TDRD7	0.754936468225829	201	1.590747571	case	0.428960354	0.994990262	0.969091958	0.067413476	0.184258997	0.672015578
MAN2A2	0.754902740907117	202	0.155466709	case	0.253064288	0.522927762	0.246471604	0.359291135	0.370394379	0.155206838
COL5A3	0.754510784702296	203	0.154626105	case	0.650812136	0.568353919	0.688663539	0.408579772	0.639853182	0.603902452
PDLIM1	0.75433338439618	204	-0.231066809	control	0.092398458	0.068027694	0.987454807	0.608885539	0.718379028	0.165558181
APOA2	0.754127262526012	205	0.098191489	case	0.889635303	0.383229532	0.383247921	0.562660357	0.515163184	0.430212874
GCLC	0.750146571002327	206	-0.029392397	control	0.832754246	0.823816567	0.462781888	0.474654623	0.743685672	0.965191643
FANCA	0.749754307661468	207	-0.041759506	control	0.92767272	0.398895558	0.164870242	0.346977441	0.586296073	0.62316094
BCHE	0.747710039127429	208	0.369888178	case	0.658856481	0.13194748	0.66582716	0.276632058	0.59944172	0.187247407
NMRK1	0.744515378801041	209	0.29650687	case	0.679904686	0.411308103	0.792190264	0.171418738	0.905157018	0.376099196
TRIB2	0.743033643725929	210	0.951183008	case	0.962113796	0.594194175	0.922707907	0.282887905	0.526180895	0.461450606
SLC1A1	0.742119399006556	211	0.01956183	case	0.523592045	0.158824299	0.86570321	0.598562764	0.321930893	0.59792289
GPX6	0.741608560642791	212	-0.668236204	control	0.148465023	0.006107803	0.225360246	0.132853968	0.249969169	0.76236834
MED20	0.741559542612891	213	-0.612175922	control	0.240423554	0.570836634	0.014096004	0.399618961	0.797923827	0.930628822
GAS2L3	0.739529750330297	214	0.062315084	case	0.402351617	0.753791773	0.208522374	0.501867087	0.490445657	0.292302136
DEGS2	0.738767713808585	215	1.001447705	case	0.513814835	0.851805952	0.480804052	0.348624438	0.492532786	0.081387409
PLAU	0.738754794315637	216	0.047173256	case	0.905158338	0.505086084	0.028902066	0.57772329	0.282511266	0.514080994
TSPYL1	0.738684886893027	217	-0.244786207	control	0.145732099	0.506747151	0.250153014	0.357388193	0.754112681	0.083700105
POLD2	0.736771212947088	218	0.651962583	case	0.873512176	0.729180222	0.258163023	0.431593647	0.414998272	0.279859395
ING2	0.736624715037985	219	0.500906086	case	0.694350561	0.830886485	0.375758171	0.13458515	0.927494092	0.204485824
PLCB1	0.733736908889774	220	-0.486956496	control	0.544417699	0.243504368	0.244864622	0.954676585	0.179877258	0.878504858
DHODH	0.73147071548382	221	0.36988301	case	0.456525127	0.593560772	0.822401808	0.723618278	0.412395	0.230882795
CEP89	0.731391705452838	222	2.674670868	case	0.697649568	0.763495679	0.532783438	0.133172785	0.094686357	0.314755083
UBL4A	0.726421985150142	223	0.124615949	case	0.572971367	0.450963489	0.356256342	0.850706461	0.074844308	0.301704812
NRTN	0.725694886449768	224	-0.417264094	control	0.229602532	0.897646542	0.104252998	0.189862478	0.927064141	0.996384162
ATIC	0.725059755063973	225	10.55971295	case	0.652420835	0.703004391	0.073390947	0.034217413	0.070307241	0.01907843
NEDD4L	0.723680484135885	226	0.172156904	case	0.506794524	0.1439508	0.442496953	0.247886008	0.38371518	0.301074526
HLA-DPA1	0.723363696905421	227	0.289324497	case	0.972852237	0.297508174	0.880839127	0.540947224	0.936419265	0.191103739
SLC43A3	0.723048334319942	228	-0.388392195	control	0.014093075	0.980997114	0.367823668	0.86107163	0.498388955	0.868950901
PPOX	0.721787369280583	229	0.081564827	case	0.389587009	0.653920421	0.841844173	0.919324154	0.503910776	0.319935296
ZNF229	0.71899060326803	230	0.391983398	case	0.443066089	0.701328059	0.881681142	0.317103941	0.843061196	0.29536608
RSBN1L	0.71855755485241	231	0.075741968	case	0.528922466	0.431433376	0.67623009	0.134052058	0.694536761	0.692766656
ATXN2L	0.718313564120591	232	0.26364395	case	0.159047555	0.48961939	0.383020104	0.272681227	0.228764773	0.314992087
PRDX1	0.715012793230278	233	1.668258941	case	0.138120403	0.708113376	0.878228395	0.239012662	0.014400839	0.392873914
DHRS9	0.714389527083785	234	-0.309118994	control	0.084423104	0.107935253	0.970455087	0.617182559	0.646078398	0.419826917
AMPD1	0.713645133185084	235	0.14703006	case	0.466512012	0.920484982	0.450614072	0.633276999	0.15041288	0.818370199
FAM118B	0.713345381914946	236	-0.127647983	control	0.904721981	0.741629093	0.11012834	0.38475363	0.953850335	0.674894462
ING5	0.710664940067149	237	-0.135677019	control	0.86480258	0.19880716	0.49554003	0.591834206	0.51234685	0.699716103
ESF1	0.709139897416604	238	0.320978362	case	0.488987517	0.320243558	0.442777173	0.289080602	0.355150575	0.303557435
RANBP3	0.708670176429508	239	0.485504795	case	0.874942722	0.751779355	0.640917035	0.123877511	0.691622057	0.71101123
ARIH1	0.70818292686665	240	-0.182881776	control	0.104822213	0.546977086	0.530459049	0.459022394	0.22158014	0.766260738
TESK1	0.707646403670149	241	0.039839324	case	0.330202243	0.867726789	0.645452373	0.503736437	0.412073278	0.85694629
NAA30	0.702767173608989	242	0.71929916	case	0.905330607	0.861348176	0.062147052	0.661857942	0.036334902	0.365511413
ANKRD17	0.701184970536691	243	0.208691498	case	0.898939737	0.022859624	0.41973661	0.183195572	0.602900908	0.323811196
SLC12A9	0.700369541067379	244	0.17562586	case	0.283595417	0.952528145	0.682517817	0.386794416	0.318383667	0.926838908
C6orf136	0.698147940585025	245	1.414299999	case	0.068370897	0.988061286	0.014456747	0.161396968	0.206963301	0.075200568
AMPD3	0.697747973936715	246	-0.538530338	control	0.059095313	0.1535188	0.918926537	0.661209152	0.966755875	0.824071893
MRPL15	0.695436443082378	247	-0.144919611	control	0.267747536	0.708671064	0.103672124	0.291448356	0.705763049	0.265933837
UBE2A	0.694902920496989	248	-0.117209171	control	0.662516098	0.202616096	0.373014325	0.724936308	0.244108071	0.433492303
PDLIM2	0.69331349740241	249	0.455631662	case	0.478497497	0.997041444	0.354473095	0.904921196	0.326097342	0.026175905
FUCA1	0.691453098813723	250	-0.146014382	control	0.75819453	0.217792036	0.329409691	0.540817926	0.537535656	0.450239205
GOT1L1	0.691189229271193	251	0.264849421	case	0.130974086	0.70590001	0.545261877	0.562635833	0.171572304	0.358519543
PROSER3	0.690669142380331	252	0.051297583	case	0.714242407	0.214478868	0.885618134	0.434984158	0.458682511	0.832142882
NR1D2	0.690084579256376	253	-0.267387967	control	0.193202312	0.339089801	0.604178746	0.971592754	0.37252639	0.207139651
ENPP7	0.689023069077314	254	0.110972862	case	0.678568639	0.110408049	0.547061106	0.908697327	0.144134245	0.149752074
NRDC	0.687466619742027	255	-0.019886435	control	0.801075757	0.620425186	0.188267617	0.123235846	0.931949934	0.587244869
MTA1	0.687358399403696	256	0.969926871	case	0.887860955	0.925837989	0.654620743	0.263679654	0.393613328	0.595707687
TSTD2	0.684320844074304	257	-0.23865988	control	0.052192152	0.990385282	0.638545737	0.846152344	0.726669335	0.635288896
PSMD6	0.683767710931583	258	-0.222005456	control	0.648027115	0.073094306	0.704824099	0.192028023	0.791343687	0.849476001
RRAD	0.683495507692552	259	0.780636864	case	0.72308996	0.476507753	0.534425017	0.398748973	0.337731007	0.237341669
VASN	0.678950665498254	260	-0.581533867	control	0.002238199	0.182228015	0.439203748	0.817863312	0.39294927	0.279558831
CAPZB	0.678000534448261	261	0.068706861	case	0.270831502	0.531685314	0.046534464	0.501267453	0.025853307	0.267345255
CRYZ	0.677600524047734	262	0.269791361	case	0.301953469	0.464627771	0.557857691	0.919576138	0.092530578	0.030929937
PCDHGA7	0.67650784079487	263	0.083056965	case	0.265301726	0.535117267	0.839657228	0.775257712	0.017447981	0.721597132
OARD1	0.675999874115613	264	-0.790020643	control	0.120912385	0.069973149	0.24408577	0.541268467	0.934172713	0.596054366
HSPA12A	0.674121679009063	265	0.308465245	case	0.650530624	0.613682348	0.834768312	0.287584055	0.834364188	0.482206925
BNIP2	0.67376433187999	266	0.639280069	case	0.450388154	0.650618544	0.389827192	0.462385368	0.144827989	0.302230928
CDK5	0.673583532306214	267	-0.053430829	control	0.427792596	0.751223606	0.219165983	0.660955065	0.378026727	0.438123344
SLCO3A1	0.672208035216727	268	0.022767418	case	0.683188785	0.269046815	0.219061891	0.003605305	0.332398562	0.809219838
COLGALT1	0.671103187580155	269	0.238568882	case	0.437418476	0.606537246	0.625803331	0.375418784	0.763926622	0.208790396
HIST2H2AA4	0.669193468169111	270	0.065232751	case	0.289484866	0.613545883	0.428641341	0.603301	0.39181833	0.25500379
MYL9	0.668574890264944	271	0.086792533	case	0.550810875	0.29820099	0.946733471	0.99342779	0.510430957	0.14847625
EDRF1	0.666719506046494	272	0.257151717	case	0.910802232	0.387862895	0.640389225	0.008984853	0.917812203	0.615621671
ULK3	0.665269945243287	273	-0.511824462	control	0.847910522	0.342105172	0.023912881	0.752112654	0.739791841	0.994759586
KCNJ3	0.663060376190738	274	0.873789523	case	0.215169613	0.601542594	0.442541152	0.366120002	0.048806118	0.257109528
GRAMD1C	0.662215360447538	275	0.373249828	case	0.252853745	0.834011655	0.089436965	0.121243677	0.00291835	0.732420906
MAP4	0.66210009328207	276	-0.038944499	control	0.572239218	0.752857841	0.633333468	0.817176415	0.322522636	0.898092237
ETFA	0.661446714250263	277	1.014297602	case	0.816911179	0.717469602	0.744444448	0.303473119	0.495472931	0.332378948
NOL8	0.659341184259834	278	-0.481093506	control	0.310679016	0.305053115	0.210030797	0.660071908	0.656462947	0.274817223
DOK2	0.659111312806854	279	-0.335081017	control	0.79848583	0.479419104	0.13203117	0.725869758	0.911313227	0.483280019
ABCG8	0.65795811226944	280	-0.110319755	control	0.557292681	0.828981893	0.33349213	0.625844781	0.865829381	0.44134246
USP42	0.657045037216022	281	0.408552037	case	0.628693342	0.070763582	0.955369765	0.423730001	0.240640116	0.510472307
SARS2	0.655628124184556	282	0.145227674	case	0.049857501	0.918922487	0.293958774	0.750115801	0.333847083	0.018646485
TPP2	0.655095978368141	283	0.010442607	case	0.7266371	0.126098827	0.925232417	0.93291211	0.412305545	0.414375944
APEX2	0.653330320369338	284	0.007181816	case	0.069367603	0.913813504	0.412273159	0.414835533	0.959500529	0.01116777
KLK15	0.652081525715332	285	0.068280534	case	0.859593453	0.619157353	0.67111655	0.764640454	0.308915382	0.938899963
GTF2H1	0.650629948128032	286	0.732538337	case	0.68963784	0.574249554	0.835159638	0.458066938	0.03979647	0.713680942
INADL	0.649358746529001	287	-0.337697487	control	0.471567877	0.844833449	0.037262279	0.789846368	0.564458152	0.689570564
HERC2	0.645751100531398	288	-0.583389532	control	0.203698875	0.456350724	0.03449262	0.950545048	0.463062926	0.253518207
MAP3K13	0.645579304666025	289	-0.192080651	control	0.213270389	0.128265056	0.94293788	0.396542886	0.713714361	0.479596154
RPGRIP1L	0.645295719313487	290	2.644906077	case	0.81131742	0.991306921	0.281960435	0.53977582	0.018283885	0.013857577
TMEM19	0.645172822995348	291	-0.572342302	control	0.213660585	0.560856738	0.268160914	0.817370524	0.717737068	0.903006446
TXNL4A	0.644989753034534	292	-0.457972347	control	0.155221621	0.347186298	0.601579798	0.769507447	0.773318951	0.493947393
HEATR1	0.644206311361358	293	-0.324716901	control	0.237868792	0.96854594	0.150086578	0.719665612	0.778017556	0.511105904
PFKM	0.644085818423362	294	-0.112303315	control	0.950837559	0.29810486	0.299940923	0.380306063	0.617391945	0.747135973
AR	0.643234106940034	295	0.957572217	case	0.236879783	0.269811633	0.991193748	0.17027459	0.423524871	0.171375458
TADA3	0.642389925104526	296	-0.328787343	control	0.956344658	0.094807682	0.473817863	0.898424694	0.577843795	0.795694331
ECH1	0.640056253376155	297	-0.41533007	control	0.654882898	0.393434594	0.002790421	0.90995161	0.3351974	0.552631001
CHPF2	0.639930370392182	298	1.120550914	case	0.47421516	0.909411483	0.801320065	0.027398851	0.666150366	0.336818266
UGT1A3	0.638361974896685	299	0.813794667	case	0.511874431	0.951107358	0.906606243	0.233564709	0.214835657	0.85802537
ATG12	0.637920749171789	300	0.751106083	case	0.894235714	0.361932727	0.715905408	0.710380975	0.415545709	0.000260855
FAM83D	0.637734017278605	301	2.568881753	case	0.559677932	0.919777195	0.496191997	0.039013692	0.212221714	0.302340548
RSAD2	0.637501236487765	302	-0.22592814	control	0.5874034	0.004392613	0.132010874	0.281695881	0.019821917	0.633546405
UBE2S	0.633619064008014	303	-0.221119425	control	0.789620465	0.036759737	0.623922644	0.410644612	0.677499332	0.773890999
VPS39	0.630603912133686	304	0.16196787	case	0.229468775	0.796815788	0.498445424	0.014228277	0.550293945	0.747674118
CABLES2	0.629524052851101	305	-0.108927166	control	0.332117892	0.286445866	0.852190649	0.78754053	0.740317886	0.122685008
SPRR2A	0.628119103521096	306	0.63269093	case	0.975957518	0.165297621	0.38521588	0.051170867	0.68526704	0.198503905
WNK2	0.626901509093195	307	0.142309433	case	0.864254686	0.342421403	0.609049324	0.967031884	0.330671886	0.291817738
HELZ2	0.620573635836441	308	-0.471459818	control	0.488485679	0.163566156	0.316320497	0.282062873	0.567413399	0.982687803
HTR1A	0.619639176924652	309	-0.024790053	control	0.37972394	0.166352508	0.547642742	0.708416645	0.242635508	0.170469621
ST8SIA6	0.619080856675795	310	0.158393519	case	0.504810623	0.55348342	0.72876408	0.593382473	0.108900914	0.840420447
HIST1H2BD	0.618924778123305	311	-0.206795625	control	0.620278122	0.832707574	0.070687676	0.523551092	0.755891184	0.641466662
FAS	0.617388763954745	312	0.204261029	case	0.290185567	0.976146535	0.420557515	0.154058328	0.307495938	0.939213156
CRY2	0.616699894336789	313	-0.187611942	control	0.491145804	0.035016022	0.899981435	0.096433623	0.723248195	0.935813288
MYL5	0.614780026596316	314	-0.671125779	control	0.120199513	0.251329283	0.289772416	0.857014693	0.593647043	0.560141091
LYZ	0.614629194324132	315	2.728069563	case	0.850678903	0.935114116	0.692658864	0.029515208	0.119169323	0.516123848
KLHL21	0.613864765292363	316	-0.447321911	control	0.199834125	0.052305221	0.767636166	0.872530821	0.454664028	0.51795793
FGFR1OP	0.61386059505054	317	-0.447157462	control	0.207031948	0.429915302	0.435315806	0.324324555	0.769071433	0.846149149
RNF32	0.613717258420128	318	0.124505213	case	0.903664526	0.889904232	0.464798013	0.55902912	0.714397661	0.734893629
ME3	0.611872176798615	319	0.477174154	case	0.413183359	0.540257907	0.966575933	0.597060789	0.626104781	0.076625111
MT-ND4	0.610825949687488	320	-0.008803998	control	0.444330359	0.113276453	0.842344702	0.740425535	0.378971658	0.292988964
KRT5	0.610446566439828	321	0.302908711	case	0.87986644	0.950581591	0.258094618	0.306396105	0.36930818	0.927280354
CREM	0.608114181349688	322	1.914094012	case	0.430069463	0.35670575	0.561335047	0.339706962	0.026944484	0.095965838
TNIK	0.607605310564352	323	-0.353520329	control	0.253749207	0.546312979	0.625020002	0.966949104	0.623439836	0.613983836
TMEM87B	0.606139166231606	324	0.107903568	case	0.767243595	0.131353685	0.731278705	0.591944835	0.24817996	0.631010449
HACD2	0.603829508749812	325	-0.179339978	control	0.499648778	0.141149824	0.970698973	0.18046811	0.845584759	0.937607517
APOL2	0.603051060044045	326	0.074227633	case	0.835713348	0.61553188	0.843180913	0.403811623	0.873756073	0.858316796
KRT10	0.601346094254829	327	0.58320704	case	0.855771891	0.79675142	0.983420873	0.667190397	0.644938448	0.352810811
CENPK	0.59848756193256	328	-0.433435251	control	0.228432322	0.604313506	0.463713561	0.921075222	0.405920641	0.961285203
PGAM2	0.598005259559691	329	0.903445713	case	0.888390935	0.610687951	0.641631168	0.629463131	0.398550434	0.096636347
EXOC6B	0.597436790067751	330	0.702549073	case	0.837840691	0.46839876	0.432763215	0.174037524	0.755119085	0.092254576
PRPF40A	0.596743802050488	331	-0.411585294	control	0.622391433	0.039267746	0.269467553	0.225850688	0.998143207	0.358438906
STXBP5L	0.595820023228063	332	-0.001176492	control	0.82449942	0.346309504	0.270185464	0.3676393	0.94632757	0.128724833
PPM1G	0.593174705169208	333	-0.678623191	control	0.231095363	0.096226761	0.567779032	0.875837577	0.909700719	0.999669379
HSD17B2	0.593103184955249	334	-0.493572166	control	0.175239442	0.582294809	0.406432206	0.832087961	0.973413085	0.492884587
DLG4	0.593098196266203	335	0.236685115	case	0.816855174	0.386422801	0.364477175	0.320839943	0.550827762	0.39603992
TOM1L1	0.591157019335551	336	0.277869648	case	0.856656477	0.781084518	0.152232857	0.617309919	0.533664735	0.249773735
HMG20A	0.590729815872983	337	-0.571474927	control	0.581093228	0.451123791	0.098361951	0.953910377	0.70423324	0.980159345
SH3BP5	0.589612224609026	338	0.236282893	case	0.959380581	0.083582114	0.426939609	0.003334562	0.34491239	0.840722266
TRIM3	0.589397306346545	339	0.79470796	case	0.551961846	0.766299363	0.680041946	0.032328338	0.292829641	0.788283984
PRICKLE3	0.589379482134796	340	0.197908805	case	0.9912032	0.416922007	0.631919149	0.141244158	0.576704963	0.985055605
PEX3	0.587200686173216	341	1.152957672	case	0.81763486	0.80861251	0.787552973	0.133454529	0.428308846	0.559392129
C17orf53	0.587068781068013	342	-0.282065855	control	0.720723428	0.465403417	0.58432498	0.653085542	0.841915498	0.971035485
RMI1	0.581229664436586	343	1.259274285	case	0.864622013	0.951197091	0.987958942	0.067344188	0.562000852	0.611663217
BLMH	0.576622335269014	344	0.672590451	case	0.239877473	0.842177573	0.289636086	0.384680005	0.1088462	0.326573618
KDM4D	0.576595567775278	345	-0.599916281	control	0.402088619	0.233090272	0.003873536	0.509456125	0.781537245	0.306303387
ABHD16B	0.575240544824983	346	-0.189336125	control	0.127579062	0.859845708	0.24677892	0.952091372	0.442645615	0.127723467
MUC5B	0.574691506274377	347	0.079763073	case	0.437773114	0.463909193	0.255017609	0.009230354	0.843631921	0.218391174
BORA	0.573738701774179	348	0.554106462	case	0.812832533	0.791040324	0.701552809	0.042039038	0.86002476	0.581377474
HNRNPAB	0.573179891510593	349	-0.084305115	control	0.637151223	0.013794557	0.649782785	0.946926373	0.160863679	0.312692454
COX5B	0.571168243892834	350	-0.294854999	control	0.631930798	0.169237963	0.045658323	0.785220908	0.400029716	0.015675545
TWISTNB	0.570353339236255	351	0.318303253	case	0.584523479	0.862187431	0.012845747	0.699654849	0.371163799	0.036329236
MUC13	0.569914349014358	352	0.076511502	case	0.771485147	0.213777575	0.262088963	0.255116455	0.684679742	0.218901766
ELF4	0.56983149379317	353	0.191931745	case	0.696314463	0.895969831	0.088852461	0.821586116	0.313801921	0.275042353
ACP5	0.569458425859217	354	-0.415782758	control	0.068582349	0.268124427	0.883438702	0.318165717	0.968494148	0.801853431
RIN1	0.567635438025136	355	-0.331043032	control	0.728444034	0.804069263	0.007635555	0.945056075	0.957698739	0.399558975
TANGO2	0.563495506068162	356	-0.295903923	control	0.47388687	0.181603467	0.267325055	0.292051878	0.509767188	0.508819385
COL22A1	0.563050714329366	357	0.172291569	case	0.309149619	0.767214736	0.448339381	0.54709596	0.331736411	0.421785817
GABRA2	0.561445487419883	358	-0.107517948	control	0.255962141	0.492934319	0.632993568	0.172756294	0.631146447	0.744464562
PLG	0.560833396451542	359	-0.20737667	control	0.607415791	0.570255869	0.398458235	0.850223982	0.661394631	0.476879374
IRS4	0.560113444003007	360	-0.172817795	control	0.545886209	0.602537261	0.026860384	0.487183502	0.205316779	0.728327979
TRAPPC3	0.557317047715037	361	0.112323382	case	0.579884973	0.992928441	0.665238452	0.299784703	0.857763287	0.854503455
TSHB	0.557116139480797	362	-0.30596887	control	0.714471636	0.361006696	0.578574464	0.669364171	0.930232869	0.783657434
WDR72	0.555994970075604	363	2.451213441	case	0.85835276	0.402969909	0.074086517	0.048028613	0.203959494	0.134950924
NTN1	0.553800074015867	364	-0.258419332	control	0.496799422	0.767335868	0.076918942	0.62202879	0.496451989	0.689891918
ALDH18A1	0.552941825691261	365	0.021457802	case	0.282205165	0.774994177	0.510633605	0.25962308	0.673396626	0.601877716
PLPP2	0.550755647407727	366	0.201130156	case	0.498104487	0.750838889	0.672335844	0.905411643	0.333704421	0.360443493
COL16A1	0.550467405320711	367	3.170691546	case	0.373578783	0.195695731	0.890687873	0.138167156	0.17361905	0.038266625
RPL36A	0.550274236761594	368	-0.527526648	control	0.084649189	0.480900336	0.268186373	0.947922139	0.094149754	0.722548045
ZBED5	0.550075064418023	369	0.679794092	case	0.084997065	0.398117647	0.843982361	0.540981283	0.218924283	0.030129997
GLT8D1	0.549567876186815	370	0.039804236	case	0.243647913	0.098756312	0.958478804	0.302752326	0.08106422	0.867268019
HDGF	0.547618978580024	371	0.563182721	case	0.814920271	0.404383857	0.396076941	0.627455609	0.042967713	0.36296903
PCDHGC4	0.545244062198411	372	1.070431093	case	0.003090698	0.268440158	0.268169434	0.055752562	0.109655161	0.095262768
SCHIP1	0.545241930189528	373	-0.03716266	control	0.846303638	0.382040915	0.385145351	0.886961615	0.706963279	0.081840926
ARMCX1	0.543284252749573	374	0.413945663	case	0.555443539	0.314620748	0.650345274	0.319027136	0.509646637	0.246621834
PFDN1	0.542486621082793	375	-0.19037056	control	0.583132968	0.721326927	0.078548206	0.045151876	0.910136134	0.752910869
RRAS	0.541482588423314	376	0.086195065	case	0.21444574	0.817687744	0.950395335	0.700878852	0.59096393	0.533362361
PAPSS1	0.54125696534778	377	0.152129705	case	0.599438249	0.937449567	0.594182913	0.609054494	0.452946116	0.787678917
TRIM8	0.53922341873659	378	-0.514261402	control	0.708908979	0.329975281	0.129013043	0.624530133	0.827956081	0.951887882
FKRP	0.538875114256029	379	0.031293103	case	0.784854591	0.817118851	0.574932502	0.789255941	0.892954792	0.428640137
THBD	0.538151013594407	380	0.526677201	case	0.682457664	0.862339211	0.709445292	0.297321938	0.519903186	0.659342526
CCL13	0.535552391452369	381	-0.416095861	control	0.944783992	0.226045437	0.310469356	0.616295124	0.959152206	0.961439611
CARM1	0.535120190236234	382	0.064193999	case	0.877469536	0.479109783	0.540215087	0.199110302	0.902954948	0.680311278
PLEKHF2	0.533480060855813	383	-0.648544261	control	0.112462378	0.407619445	0.054539674	0.173954964	0.799976566	0.661043898
CWC25	0.53331264270668	384	0.19007732	case	0.338084794	0.823703645	0.576451321	0.589103551	0.265053593	0.606453634
TOR1A	0.53283478564956	385	0.312906727	case	0.973704903	0.861656725	0.535205898	0.829109418	0.627515047	0.348962693
NDUFS2	0.531433268122008	386	-0.108605185	control	0.427193551	0.33786974	0.945282009	0.229585395	0.857565587	0.831578263
DSE	0.531261756843832	387	-0.622026358	control	0.120508166	0.008295657	0.585099389	0.631882301	0.326580903	0.930301338
LY6G6C	0.530814875588139	388	0.098341668	case	0.123693457	0.445789	0.26243192	0.27890231	0.004808464	0.473716902
CDCA5	0.530107999980754	389	-0.103545527	control	0.567430056	0.675191146	0.631622378	0.834956801	0.36610119	0.889671252
TMX3	0.527718104582934	390	0.450980312	case	0.981993281	0.768335147	0.411184891	0.594790142	0.558240701	0.33666085
ZNF473	0.525609736535591	391	0.004947522	case	0.227810705	0.521122049	0.422531388	0.555181923	0.137563028	0.472951879
UBXN11	0.525095840809228	392	-0.003061048	control	0.354506244	0.993342764	0.290586653	0.058123818	0.615205797	0.970136777
PALM	0.523596071921231	393	0.834281396	case	0.111184984	0.878327699	0.634461697	0.211835944	0.079297395	0.594213033
SLC5A8	0.523249843961214	394	0.753556438	case	0.413769939	0.56287923	0.698985353	0.373834917	0.027251564	0.554477016
HLA-B	0.523104636865495	395	0.014440447	case	0.156807888	0.712710918	0.911985021	0.453234818	0.560319009	0.742590491
PON2	0.522199819493933	396	0.786331954	case	0.846710959	0.21907736	0.765284867	0.502367434	0.275845535	0.246833457
GMPR2	0.522011578805557	397	-0.238156163	control	0.339757164	0.988567891	0.427356687	0.785375111	0.913981417	0.605160035
MAP2	0.521981259694099	398	-0.303573748	control	0.445656211	0.304298469	0.737384638	0.648636599	0.512563385	0.974473843
RRAS2	0.521406921805295	399	0.586970211	case	0.326388135	0.566620582	0.640209846	0.450528095	0.202117632	0.313483665
OR2M7	0.518499669460245	400	0.23169014	case	0.143637595	0.234302833	0.90546275	0.467901723	0.188197329	0.385886377
CORO1C	0.518087840973396	401	0.128573354	case	0.44842788	0.912875426	0.112699492	0.684202783	0.326984211	0.294889206
CARS	0.517349233632873	402	0.178725192	case	0.407730162	0.809913803	0.066520692	0.250074733	0.051902484	0.7874749
TH	0.516699703376943	403	-0.22025671	control	0.995381777	0.395870964	0.622699822	0.88659776	0.978224034	0.718018723
KCNMA1	0.516202663397852	404	0.155389687	case	0.956434557	0.925868543	0.672650514	0.988340077	0.926209757	0.296785133
AP2S1	0.516160320975267	405	0.235255476	case	0.630205125	0.054297354	0.828893745	0.346470554	0.56488317	0.313814877
TLN2	0.515418545179978	406	-0.550319396	control	0.196204919	0.242516309	0.382514192	0.220448243	0.648320621	0.957494959
MLLT1	0.515296236249035	407	-0.568561357	control	0.053977659	0.469105204	0.32599767	0.552928709	0.453497507	0.961595302
TRIM14	0.514321677398306	408	1.139035427	case	0.827803931	0.927112147	0.214165804	0.225546129	0.474905196	0.220095318
WDR13	0.513402218344765	409	-0.104490191	control	0.031459936	0.206037377	0.678532461	0.069009852	0.852920887	0.100983543
ACSF3	0.512273552595416	410	0.512834691	case	0.638243709	0.88632811	0.328087741	0.280265224	0.767300602	0.177062067
TIMMDC1	0.512146572773542	411	-0.21800152	control	0.747196944	0.276995239	0.886391471	0.875724003	0.98684875	0.5806336
MAP3K8	0.511238454761319	412	-0.047972017	control	0.829561804	0.120262771	0.022627987	0.097989165	0.764566782	0.158897812
TOMM34	0.50978799400869	413	0.576818587	case	0.934709238	0.821019401	0.14981173	0.355182617	0.528414418	0.324874494
FKBP6	0.508132007325918	414	0.030179011	case	0.917056748	0.413237746	0.660732145	0.114059615	0.824557518	0.99408254
DNAJC13	0.507885308540296	415	0.488876705	case	0.233167686	0.703796735	0.786386644	0.060709448	0.831383005	0.265391615
AMD1	0.507821480549943	416	0.039733661	case	0.698199766	0.107040155	0.311820904	0.385352105	0.624099306	0.064920678
HOMER3	0.507674291681839	417	-0.520545753	control	0.269010608	0.399193404	0.127466836	0.706077628	0.783247901	0.170208937
BAG3	0.506729645061984	418	-0.473322041	control	0.10936121	0.432376827	0.153639831	0.427047958	0.768907413	0.124354044
MRPL23	0.505692448683919	419	0.657591697	case	0.925858038	0.203504053	0.190918204	0.659176067	0.050914633	0.086414433
USP48	0.505403407519289	420	-0.112555786	control	0.877634138	0.394607218	0.253352342	0.926620602	0.521525805	0.270940466
RHOA	0.505193068431356	421	-0.16770932	control	0.467410027	0.828801698	0.381289008	0.905531348	0.551075659	0.558915662
CCNE2	0.504359780762734	422	-0.448357683	control	0.821442194	0.259965279	0.426504251	0.748955615	0.998425292	0.986114474
IGSF8	0.50154387632697	423	-0.092728289	control	0.001357829	0.47991368	0.378792075	0.413619453	0.206947941	0.327399542
HPS4	0.501144071620637	424	0.532166517	case	0.949706354	0.243873102	0.734179907	0.401210546	0.833760066	0.023221198
AGBL5	0.499317543098154	425	3.816086096	case	0.968777663	0.601023485	0.833466982	0.325143401	0.150015388	0.02384976
NEUROG1	0.494894581780918	426	0.117474445	case	0.857374061	0.347915687	0.930248163	0.318613734	0.781641321	0.810784541
SLC29A4	0.492794046122532	427	0.983921608	case	0.963468466	0.826998332	0.79774246	0.492511776	0.24155477	0.570525957
FARP2	0.492421401561606	428	1.578225813	case	0.872812993	0.88728468	0.818434616	0.305545803	0.12631448	0.568258588
ARFGEF2	0.491141242071711	429	-0.448391055	control	0.052223528	0.15134056	0.996880488	0.83988299	0.891582572	0.444794607
XIAP	0.490250621804489	430	-0.010646853	control	0.58410285	0.678778342	0.29477297	0.630224056	0.581012919	0.363179771
HTRA1	0.48878020153305	431	0.773569887	case	0.255427455	0.820750251	0.248946675	0.181581769	0.562447292	0.003121864
DDIT4	0.488611168068191	432	1.076988081	case	0.635883199	0.703952831	0.807013775	0.658453456	0.102093795	0.273088823
MRPL20	0.487524639007083	433	-0.603784787	control	0.316071201	0.012755563	0.260548082	0.087335524	0.591480868	0.808695513
MDC1	0.485258809822885	434	-0.134459231	control	0.57068285	0.346648686	0.923956336	0.615725142	0.754481359	0.757120065
NCAN	0.485250739926732	435	-0.221988275	control	0.123860507	0.473030641	0.418884463	0.424285581	0.674289716	0.207029204
COPS4	0.485154691181415	436	-0.557119159	control	0.489915162	0.083820882	0.012409946	0.513956105	0.162964103	0.646564431
MKL2	0.484985012265265	437	-0.413370592	control	0.059641624	0.723595912	0.35830692	0.531691537	0.593670477	0.820575983
TXN	0.483824883183887	438	0.855967979	case	0.519932255	0.981175704	0.016370661	0.179986137	0.110970247	0.526664737
ITGA10	0.483117658218534	439	1.001108602	case	0.920790108	0.503413843	0.904282492	0.627409164	0.295210412	0.240978662
FAM189A2	0.481757359283581	440	-0.315432473	control	0.587820626	0.138864837	0.522068881	0.842198152	0.240282117	0.741670446
ELAVL1	0.478774086979043	441	-0.056556566	control	0.213284894	0.751304162	0.514951805	0.579859264	0.449965832	0.538409743
SLC35E2B	0.478112808942906	442	0.028004582	case	0.706107595	0.233375413	0.113755362	0.348368402	0.424902843	0.25127513
PKP2	0.477865346178079	443	-0.005845823	control	0.608559478	0.808652253	0.625242599	0.621254887	0.938674618	0.49453486
CCDC53	0.474710003612981	444	0.161411741	case	0.699133559	0.863937641	0.36394618	0.267229092	0.618652743	0.773320765
ZCCHC11	0.474312083106096	445	0.127414205	case	0.618091239	0.288070644	0.231278078	0.090590152	0.262829072	0.655473476
NAF1	0.470696635874201	446	0.119286332	case	0.899156434	0.826199029	0.734309066	0.682116061	0.909187052	0.606226205
HSF5	0.470598959727016	447	-0.184628821	control	0.603296376	0.241936831	0.439024888	0.96119498	0.2155993	0.398265187
GAL3ST1	0.469948705129241	448	-0.367486822	control	0.168690279	0.275196493	0.219118953	0.006912764	0.603543185	0.437752606
TMED9	0.468933678773109	449	-0.144904054	control	0.498227929	0.910535782	0.630183351	0.841890256	0.640005911	0.902569662
CHCHD7	0.466389296693143	450	-0.761050466	control	0.14166298	0.071284882	0.300041215	0.867161872	0.971782796	0.307906461
CRK	0.465725204435141	451	0.144744464	case	0.775304853	0.657729272	0.130856683	0.090048522	0.530925141	0.745174728
BACE2	0.465260851971691	452	1.645012403	case	0.651368343	0.867518386	0.554762326	0.350347862	0.060095596	0.373541167
TRAM2	0.463057825671424	453	-0.634035148	control	0.331989333	0.208258389	0.180516896	0.810832551	0.305566322	0.853092496
CFTR	0.463042712596264	454	0.459357149	case	0.049861885	0.759783471	0.903856576	0.359652173	0.346290121	0.468206155
RBMXL3	0.46199820413596	455	0.416007934	case	0.601398755	0.251503789	0.783406784	0.543873364	0.264257438	0.347448407
GPR146	0.459712428749353	456	-0.395378991	control	0.084370471	0.961745605	0.004719478	0.252379511	0.987674556	0.497952948
CCDC86	0.458620542739682	457	-0.423513603	control	0.170903235	0.376689193	0.247546003	0.465908353	0.548724636	0.364650952
HIST4H4	0.457887015850102	458	-0.458930183	control	0.465662408	0.199157182	0.335966096	0.969074471	0.128181357	0.752386592
CHMP1A	0.456370455255218	459	-0.461380222	control	0.371723308	0.326176172	0.05568849	0.672717281	0.162207409	0.564184667
GTF2F2	0.454915385323753	460	-0.102249405	control	0.722902973	0.234251243	0.849828295	0.59730208	0.503441463	0.912045444
RAB11FIP3	0.454667841051699	461	0.343316635	case	0.940336654	0.368311038	0.857543809	0.59207458	0.542899457	0.477595513
EFCAB14	0.454460742891694	462	-0.573820673	control	0.169198332	0.626955379	0.045395275	0.749009335	0.691506136	0.534120399
PRKD1	0.453991393466129	463	0.176152789	case	0.929169269	0.221652754	0.929967172	0.323706123	0.86454925	0.580893342
ORC3	0.453945205687372	464	0.012114839	case	0.711735093	0.728683437	0.497868011	0.477439087	0.500785758	0.936860743
B4GALT3	0.453559441489318	465	0.100686342	case	0.899935501	0.655693101	0.499481778	0.13785451	0.936884346	0.792378325
PHF8	0.450019731881968	466	-0.547824073	control	0.117565485	0.57677586	0.245130755	0.790172935	0.378395182	0.909101314
DPP4	0.449172017844814	467	0.870997724	case	0.753736074	0.922338093	0.029258487	0.258990542	0.562533391	0.089932362
EHD4	0.446878937928708	468	-0.13729285	control	0.268712345	0.382995824	0.259989116	0.522221302	0.097175012	0.437390204
UFD1L	0.446790244714577	469	0.025247166	case	0.94316984	0.702138228	0.093307163	0.384786123	0.494357068	0.816657869
LRRC25	0.445664016649587	470	0.380748738	case	0.066160125	0.007507404	0.187172071	0.083608717	0.094803556	0.010499432
DCAF4L1	0.445309060248767	471	0.310267835	case	0.588366446	0.976631597	0.477484209	0.959588376	0.469657239	0.129582432
UGT2B15	0.443405928293768	472	1.344218392	case	0.33366818	0.067785488	0.805510156	0.374175558	0.066841761	0.073851018
ACBD7	0.441639338168845	473	0.452107463	case	0.401883398	0.644366458	0.184434116	0.475655038	0.300348735	0.071511996
GNB2	0.440908959881184	474	-0.066941686	control	0.796179066	0.791879185	0.000231065	0.266221438	0.737228801	0.698789902
HTR6	0.438988765380035	475	0.131911582	case	0.839749535	0.608160989	0.678491869	0.928879201	0.018022133	0.931692742
ADAMTS9	0.438549783462451	476	-0.085309475	control	0.925809807	0.867883143	0.106794413	0.659616769	0.572144114	0.845977229
FRYL	0.437082481116893	477	-0.487874632	control	0.12543996	0.51367906	0.531179573	0.947411374	0.471062246	0.866706272
CCL14	0.434101281159365	478	0.362775533	case	0.833728948	0.700892173	0.688785899	0.633835427	0.907235095	0.090457904
PTPRE	0.433152991325934	479	0.436506147	case	0.475785627	0.954244324	0.743213774	0.669087783	0.023013537	0.820766362
NEK6	0.432381178248802	480	-0.315790368	control	0.308971081	0.213763519	0.183774203	0.200948357	0.522451914	0.309190867
DNAJA3	0.432003590924972	481	-0.695388809	control	0.337844565	0.082692932	0.337143314	0.893452421	0.763906381	0.830011438
RPL30	0.430515440480443	482	0.695147759	case	0.801441738	0.548250891	0.245542144	0.571023364	0.134342699	0.235693362
SLC30A6	0.42984361010847	483	-0.024753354	control	0.631954711	0.015908339	0.522350346	0.246701081	0.853055727	0.100158516
ZNF22	0.428236510815134	484	0.855118706	case	0.515765653	0.368699724	0.500400776	0.117544802	0.3997937	0.2291723
CHRM5	0.427427957846508	485	-0.761657569	control	0.068339468	0.354081078	0.134702029	0.843940576	0.81930536	0.674242071
PTPN6	0.425572267672731	486	0.014566798	case	0.483294568	0.860190241	0.965257749	0.904728919	0.469650372	0.901215142
ESX1	0.425204689342426	487	0.657104315	case	0.879883582	0.959116903	0.90057229	0.678649201	0.714536728	0.260042991
TUBA3D	0.424539768316478	488	0.99351315	case	0.970372902	0.788823165	0.483719025	0.637522639	0.402662086	0.08492202
RTN1	0.424441585982622	489	0.129560492	case	0.542991695	0.816526971	0.975797753	0.913520616	0.633544303	0.520390906
IPO11	0.423692880085245	490	0.292895402	case	0.702236633	0.989740142	0.286827285	0.664018226	0.273596221	0.592906937
ROBO1	0.423611963323757	491	0.761095155	case	0.681478514	0.687579248	0.558298492	0.380363559	0.315605539	0.39843869
N4BP2	0.42177280894813	492	0.646364102	case	0.811346615	0.975707126	0.162795659	0.124899572	0.311106849	0.748330263
SDF4	0.42153451375263	493	-0.112014902	control	0.451874609	0.575134833	0.300018583	0.869408492	0.621953942	0.003063574
HTR5A	0.421086262944373	494	-0.428317363	control	0.760436218	0.066676945	0.123017017	0.031200453	0.797085057	0.833703359
GANC	0.418768954706078	495	-0.041969361	control	0.282727516	0.353879166	0.320512844	0.13898889	0.693512616	0.166547469
PDK1	0.415485201282559	496	-0.205158312	control	0.223461976	0.519916825	0.14544348	0.273930224	0.09837853	0.745929373
SFXN1	0.415017360884189	497	-0.726171888	control	0.108436428	0.021239549	0.373509533	0.942526313	0.461132127	0.433937805
MMP17	0.413152066815883	498	-0.335432693	control	0.513563104	0.501150095	0.236489187	0.268385975	0.730992026	0.883354377
MBNL2	0.412678414690997	499	-0.630479252	control	0.176518629	0.133394613	0.286518455	0.405695691	0.76677003	0.441602502
NAT8	0.408892933050312	500	-0.533871033	control	0.502746264	0.176661205	0.085868933	0.706734886	0.905282667	0.029752119
ACTL8	0.407552145238053	501	-0.314795052	control	0.938002007	0.055848321	0.595128293	0.516332982	0.864628453	0.938021557
HRH3	0.406383401453808	502	-0.684977542	control	0.139758759	0.287014752	0.076411444	0.864500505	0.543673019	0.189125152
ABCC12	0.406143089668485	503	0.084573069	case	0.523313318	0.216276205	0.832054705	0.14415881	0.957110165	0.347821247
ELP3	0.404134625950054	504	0.059842508	case	0.696714853	0.779489502	0.03350526	0.434676523	0.166226784	0.82356269
ARHGEF7	0.403460405589341	505	0.155343608	case	0.668249315	0.883615305	0.348234579	0.575147613	0.924708227	0.144762425
MND1	0.402175572445444	506	1.57977145	case	0.839253615	0.957139158	0.886325971	0.55539011	0.436744819	0.047770657
SRSF1	0.400416696744513	507	0.628447945	case	0.685288568	0.925736181	0.452231787	0.719306932	0.233338713	0.314362331
MEN1	0.397321397395443	508	0.198504939	case	0.515772858	0.087821844	0.830054213	0.487663607	0.122085695	0.586448451
LLGL1	0.397178806733152	509	-0.318779286	control	0.738823242	0.049468523	0.070295161	0.068488286	0.236150967	0.955726013
HMBS	0.396944731290823	510	-0.501259315	control	0.473617942	0.215176526	0.299965854	0.707282007	0.974829375	0.300402482
C7orf26	0.396806895101165	511	-0.062099591	control	0.389281683	0.600455613	0.531449241	0.854725147	0.625613623	0.141567481
LDLRAD1	0.383418588028833	512	0.61976866	case	0.504732318	0.318344828	0.898299948	0.152616234	0.462827923	0.447286057
SGMS2	0.380647980788953	513	-0.00604257	control	0.083497562	0.339687805	0.104209254	0.014385401	0.340101161	0.176114252
THRB	0.378256980450822	514	0.097909138	case	0.326034284	0.472597505	0.951414317	0.074749438	0.845839756	0.673391623
NDUFAF2	0.377527146252593	515	0.013400163	case	0.608821449	0.665324711	0.729017889	0.32409659	0.861992146	0.790587527
KRTAP4-12	0.377238680708853	516	0.083649104	case	0.467910466	0.401536354	0.062042493	0.111678374	0.333547273	0.414360088
SIRT7	0.376575715029282	517	-0.414938007	control	0.068134457	0.084904751	0.256691671	0.030554776	0.350272035	0.31949364
RAN	0.375416971500507	518	1.273722208	case	0.862057298	0.680394991	0.141056969	0.201584327	0.17406086	0.364774751
A4GNT	0.374246311460359	519	-0.533026805	control	0.049564766	0.645072328	0.035022585	0.056289537	0.681843865	0.82439671
NHSL1	0.372624260801018	520	0.919687645	case	0.675861619	0.738256992	0.97139041	0.24768571	0.86954989	0.125419176
SLC27A1	0.369959383224723	521	-0.325925834	control	0.864672546	0.675330331	0.135487151	0.953181676	0.838270698	0.694164365
PTAFR	0.369372693937438	522	0.321578325	case	0.214512246	0.735732807	0.664931441	0.14293558	0.709532016	0.369689626
SDSL	0.367533367605065	523	0.15741015	case	0.500498892	0.402363579	0.912196754	0.476161494	0.82573427	0.266311691
IL13	0.364359910045486	524	0.973058484	case	0.582431429	0.875720613	0.157704146	0.511334386	0.08689544	0.220730282
AFP	0.363779007864189	525	0.446025416	case	0.908525899	0.50141459	0.131252552	0.533354208	0.177867011	0.354592026
PCDHA2	0.363197813340829	526	-0.265317802	control	0.395366274	0.311754952	0.989865435	0.808483509	0.507266725	0.994073886
LPGAT1	0.361853097379357	527	0.168537201	case	0.283444186	0.525073079	0.637960896	0.346670983	0.469746885	0.421435886
FXYD3	0.359622792241797	528	0.416379118	case	0.926294268	0.213837003	0.887802601	0.821974812	0.584736352	0.025062185
PCCB	0.357605951488887	529	-0.591657534	control	0.032072846	0.407319603	0.466312221	0.90481323	0.58770036	0.725489055
GBA	0.35752315456492	530	0.588667611	case	0.997616182	0.711556427	0.301146952	0.525233845	0.124322479	0.615855992
SETD9	0.357135169210054	531	-0.169873929	control	0.246941365	0.001463175	0.978660929	0.168086659	0.737482415	0.572598535
NIPAL2	0.356676672691004	532	-0.275186632	control	0.708010894	0.236386964	0.520515887	0.85372361	0.331643807	0.835723542
FAM83C	0.354664189148112	533	-0.25706556	control	0.389192823	0.244596284	0.42103837	0.076116627	0.376993696	0.966702005
C3	0.353391437287061	534	0.632711903	case	0.159868843	0.906051736	0.78341943	0.244874847	0.205583925	0.682221162
RER1	0.352330166721764	535	-0.227521929	control	0.375471663	0.183675696	0.70619143	0.535851658	0.444565844	0.657608012
CELA1	0.348265950752917	536	0.967088358	case	0.915765704	0.950033948	0.803385086	0.788113184	0.246476948	0.322331496
GHDC	0.347753871933268	537	0.102738456	case	0.856251116	0.819508875	0.312475999	0.773624822	0.327245076	0.70212879
EDEM3	0.347723192695842	538	0.188912091	case	0.93831584	0.463294879	0.408089537	0.067280185	0.888024397	0.566843498
PLIN5	0.346526090989694	539	-0.063906756	control	0.990511215	0.36092802	0.021299624	0.059153304	0.696387053	0.7109149
KCNC3	0.343518600929229	540	-0.226935432	control	0.751694591	0.006010973	0.882402796	0.766639397	0.847840405	0.507087306
NOL4L	0.342846208359973	541	0.688767085	case	0.764787556	0.645658662	0.5697455	0.305823608	0.554567313	0.312175584
NCOA2	0.341975792395652	542	-0.01928097	control	0.487999359	0.630572792	0.447889644	0.608064919	0.651696842	0.337496726
C9orf78	0.33894732428959	543	0.635508539	case	0.203299145	0.649750983	0.762661064	0.027752038	0.166602822	0.793540436
QDPR	0.338445567047592	544	1.154058713	case	0.56784115	0.891393306	0.599142509	0.198017363	0.209113879	0.548449472
SPDYC	0.336408996005985	545	-0.356976569	control	0.064640759	0.039603847	0.669044417	0.619568613	0.479784218	0.103230132
BTG2	0.336154890392076	546	0.117881269	case	0.070221472	0.937559239	0.732854364	0.717901601	0.687332798	0.151849633
MPHOSPH10	0.335098175840949	547	-0.005245431	control	0.378148438	0.922563045	0.81223261	0.947512643	0.988620998	0.187952199
BCL2L1	0.334567260318324	548	0.175646628	case	0.030270163	0.967702883	0.359277961	0.377413924	0.77098394	0.006074047
CFAP97	0.33339943713535	549	0.582882494	case	0.83540455	0.768244859	0.253622842	0.551910735	0.485612829	0.135824589
ZNF415	0.332498210386162	550	-0.00132297	control	0.342870515	0.757083942	0.50678738	0.364272297	0.904691236	0.33990679
HIST2H3D	0.331811326855709	551	-0.021313137	control	0.84108633	0.758974161	0.076239442	0.156696798	0.866327404	0.689780984
OAZ3	0.330943235702591	552	-0.26265527	control	0.418162471	0.573306546	0.048249918	0.542089075	0.399421187	0.468574998
RBM47	0.328388088762296	553	-0.080816246	control	0.108046037	0.186759544	0.897771226	0.345003385	0.778018369	0.174408494
BZW2	0.328383218060923	554	-0.022117161	control	0.516270566	0.782968193	0.002348756	0.816712736	0.018895382	0.495417913
SLC25A24	0.326637754080371	555	-0.055205066	control	0.526979752	0.602190441	0.622304985	0.28131082	0.632832749	0.939671596
MAN2B1	0.326217156572103	556	-0.182871152	control	0.666838577	0.077342785	0.97240006	0.286318218	0.94352861	0.870900718
ZFYVE19	0.325383132003368	557	-0.176543718	control	0.507435377	0.404338152	0.752243051	0.848490359	0.669495603	0.502785046
PDE6D	0.324174228191344	558	0.281241637	case	0.975844804	0.543694993	0.523682704	0.09312699	0.770300115	0.73129355
RAX	0.323962052812977	559	0.65543348	case	0.259894281	0.976334515	0.753834557	0.635926817	0.510824965	0.05538855
DDX60	0.32378736967358	560	-0.104403348	control	0.870902192	0.158406078	0.099089009	0.326393468	0.773066476	0.160479198
KIF6	0.323655454647909	561	-0.186809792	control	0.098630237	0.705441192	0.313027488	0.654752143	0.111147193	0.607824678
ETNK1	0.322383080983399	562	-0.233516439	control	0.482230405	0.750245293	0.462606736	0.666304893	0.905048282	0.640152095
FBP1	0.319453111261942	563	-0.381279566	control	0.04707771	0.465820073	0.105320183	0.650748947	0.347630326	0.000808618
ADCY4	0.31903756749757	564	-0.199019141	control	0.014853856	0.7750612	0.032615449	0.048454552	0.590778536	0.387670983
USP4	0.319021311251583	565	1.399992332	case	0.957112178	0.207156646	0.716676413	0.460884057	0.25520468	0.067640949
LFNG	0.318186884514696	566	1.735190939	case	0.643698049	0.33195802	0.689435101	0.176155781	0.38544216	0.047168031
CDC45	0.317960710505006	567	-0.410932403	control	0.338999152	0.532999534	0.562948381	0.796958284	0.75050541	0.888499639
NCOA3	0.316379134170064	568	-0.771828906	control	0.055952529	0.248952279	0.125324791	0.437534794	0.546484125	0.901538065
PER3	0.310679768102696	569	-0.149832393	control	0.098337302	0.966801604	0.338074859	0.973823827	0.08745885	0.589231591
IVNS1ABP	0.308469833264301	570	-0.057936263	control	0.585043615	0.381266098	0.624570704	0.70099779	0.519514766	0.468205897
UGT2B10	0.307137787125137	571	-0.187802437	control	0.622880344	0.233515806	0.67957062	0.761779254	0.52922695	0.60011837
RPL23A	0.306118066630253	572	0.512262772	case	0.156693847	0.236804807	0.429742543	0.442740384	0.044890572	0.056746128
FYCO1	0.306055720710478	573	0.295200941	case	0.398993423	0.831301682	0.406473679	0.749283717	0.386451654	0.12798266
SCO2	0.305318784952586	574	-0.225443048	control	0.898376325	0.327024293	0.702310918	0.84791216	0.83056071	0.810319636
UTP20	0.305076553398929	575	-0.270168648	control	0.466219285	0.168831764	0.284510689	0.021398117	0.292043135	0.946523444
BCL3	0.305054021165106	576	0.189924026	case	0.279039187	0.29828415	0.784027846	0.689124711	0.36058276	0.094358161
COL4A5	0.304595613761088	577	0.339957896	case	0.569268171	0.928010857	0.818359882	0.807985579	0.171943833	0.748213627
NODAL	0.304403059930111	578	-0.070780813	control	0.86159576	0.383339931	0.289150493	0.673994922	0.185001205	0.791945013
FBXL12	0.302499087994426	579	0.160081022	case	0.782550648	0.110870218	0.505292452	0.43566308	0.060690387	0.709349662
GAB1	0.302248075913999	580	0.650576042	case	0.656694003	0.322481588	0.886765115	0.417320884	0.051457167	0.661700437
AHNAK	0.301121413722734	581	0.472770573	case	0.763262775	0.439134082	0.642339157	0.434647411	0.280292867	0.537621423
SUPT20H	0.299312727255091	582	0.329827095	case	0.698253927	0.928845136	0.237598888	0.240645885	0.35070641	0.810858531
AIFM1	0.298062236145094	583	0.470540221	case	0.515375057	0.805838259	0.982492502	0.456882813	0.825773161	0.283915129
CLPTM1	0.294898346991532	584	-0.516122504	control	0.145805695	0.542607464	0.15817963	0.613877843	0.570472592	0.565251059
SMPD2	0.294845030689413	585	-0.301480869	control	0.295180804	0.587361742	0.511529092	0.620797947	0.935583204	0.439371832
SLC2A9	0.292593071831062	586	0.264067544	case	0.678106078	0.032335553	0.915107935	0.27199439	0.621156542	0.392816399
BLOC1S5	0.292098451838874	587	0.09461742	case	0.044079128	0.152902	0.846605947	0.465070329	0.459780878	0.028529451
HPGDS	0.290948730772037	588	0.572224531	case	0.96429173	0.507602208	0.102720361	0.054930728	0.761335934	0.185253329
RPL24	0.290784581891318	589	1.290795201	case	0.559477406	0.543270235	0.839794386	0.051355733	0.061824714	0.734796721
SLC39A5	0.289975682550938	590	-0.211066714	control	0.53483171	0.424310773	0.190882667	0.50865927	0.393773067	0.555263986
FBXO9	0.288154319299721	591	0.535319723	case	0.479404404	0.151868701	0.783590388	0.582933586	0.29701029	0.041599353
SLC2A7	0.287567318795898	592	-0.140354765	control	0.020618034	0.309524979	0.296436106	0.14228174	0.578421006	0.008178302
TNFRSF10D	0.2854848172305	593	-0.371709502	control	0.543279946	0.452998612	0.291976751	0.524764264	0.903263329	0.622385892
CD44	0.285203484332663	594	0.583657137	case	0.497838309	0.985456951	0.651248663	0.772359587	0.14606214	0.429435629
AEN	0.284334536926044	595	-0.36147602	control	0.070213524	0.595336419	0.811088418	0.932196093	0.726158176	0.654226632
FIBP	0.28390410895503	596	0.163886754	case	0.179914879	0.885924448	0.701773945	0.518969763	0.565460937	0.434285159
TAF3	0.283340135314643	597	0.338106199	case	0.507798955	0.859377854	0.902372925	0.780193479	0.344028749	0.571868663
APOBEC3C	0.27999697494331	598	-0.139239914	control	0.600838938	0.363228621	0.873193958	0.74635192	0.389518808	0.998593388
PRPS1L1	0.279328899198392	599	0.114104343	case	0.992175302	0.055313772	0.349808041	0.79368603	0.113716441	0.346786263
PRRC2C	0.279209912723788	600	-0.444539885	control	0.005834325	0.65561109	0.259846668	0.325289205	0.780867851	0.552453632
LMX1B	0.277810016828821	601	-0.267237301	control	0.800468375	0.006225787	0.147416988	0.541606385	0.752219423	0.008248045
NIPSNAP1	0.274706538681145	602	1.230121389	case	0.974191484	0.262218986	0.54522233	0.218537741	0.13236964	0.447987606
RIC8A	0.274199968621932	603	0.257403207	case	0.896409779	0.959141341	0.343208221	0.344976871	0.886904096	0.516770006
THBS1	0.271513995624893	604	0.298446201	case	0.914187821	0.323401379	0.925105645	0.443093511	0.893148246	0.329360441
FAM177A1	0.270015009688202	605	1.048675145	case	0.957975188	0.964256616	0.765650616	0.640346912	0.125649252	0.546013905
DMXL1	0.269543205364821	606	-0.011715418	control	0.739021862	0.617270806	0.426834956	0.437438546	0.890178179	0.47664862
TRIM21	0.268086670460766	607	-0.257800695	control	0.92268522	0.179209501	0.828717426	0.894453465	0.919714226	0.787036774
ZNF483	0.267340285980459	608	-0.562149431	control	0.686720018	0.152538081	0.395698473	0.953264168	0.919268407	0.947965234
NME6	0.264398923042338	609	-0.188609354	control	0.306496779	0.458973867	0.678463634	0.73356744	0.739152167	0.306860041
ATAD3A	0.264355933909156	610	1.71857417	case	0.871322067	0.464699399	0.402530236	0.458478682	0.100683407	0.080346562
METTL15	0.262563873189216	611	-0.560771564	control	0.575183612	0.125014381	0.219471144	0.464864466	0.969509323	0.659454985
NEK9	0.261450582796841	612	-0.284076824	control	0.219655935	0.632868793	0.393366521	0.174020887	0.618079877	0.948157535
GOT2	0.26137753921271	613	0.219630914	case	0.860098877	0.748746996	0.050455003	0.431186366	0.873450099	0.055857809
PROCA1	0.259961416761581	614	0.948499699	case	0.517344133	0.971591883	0.772172105	0.009977656	0.931869636	0.218588156
STIM2	0.258297753380052	615	-0.196657268	control	0.408063494	0.791539263	0.649302049	0.657431673	0.791173907	0.852908745
CASP3	0.255718668457606	616	0.168887971	case	0.608758707	0.960917273	0.398517161	0.307918258	0.647226772	0.728671717
TRMT5	0.255628958293643	617	0.245533908	case	0.358124531	0.896404903	0.992619809	0.404426208	0.766312113	0.633427129
FAM171A1	0.252696410897019	618	-0.074276161	control	0.446215612	0.901831371	0.350802092	0.556364975	0.991735478	0.287057078
KIAA0391	0.248482422458477	619	1.132576986	case	0.849722054	0.64007451	0.475578442	0.256791917	0.057342669	0.607461688
RXRA	0.248357586426725	620	0.422572268	case	0.999329479	0.140873798	0.919542206	0.300956743	0.206764149	0.940181284
NDUFS8	0.248355247547984	621	0.487849975	case	0.587571264	0.950757983	0.532397693	0.44600152	0.089218767	0.856537601
UBE2D3	0.245756858601072	622	1.060933479	case	0.78889132	0.865132654	0.998426789	0.970522787	0.273354366	0.043137101
YIPF4	0.243831396532202	623	0.212907651	case	0.462018164	0.83917948	0.76285348	0.68451689	0.330669018	0.68655216
SLC16A6	0.242934140773795	624	-0.194869859	control	0.345307862	0.849198708	0.273834302	0.432905328	0.426246662	0.964579102
HECTD1	0.235876900650091	625	-0.006459299	control	0.246069567	0.842387904	0.57453359	0.567732878	0.266097501	0.839972273
AGPAT3	0.234818248522346	626	0.713650661	case	0.092068707	0.097281349	0.93745076	0.091933939	0.187381067	0.378229055
BLOC1S3	0.233482991102818	627	0.343948069	case	0.858402189	0.66015463	0.279227335	0.638150501	0.451559652	0.247978553
TCHP	0.232800489509599	628	-0.123269731	control	0.510040338	0.081623375	0.694286248	0.992096337	0.252518404	0.222141917
PALM2	0.232703629297068	629	0.270640166	case	0.829055909	0.870912525	0.342803702	0.204216921	0.410704796	0.992749904
PRDM16	0.232436637070023	630	-0.342068746	control	0.19324948	0.56506716	0.296171823	0.648590264	0.551638107	0.402505131
GPR4	0.232019041822638	631	1.527741614	case	0.616421332	0.170625414	0.641105052	0.218271272	0.320900691	0.025819248
MAP4K4	0.231309821394203	632	-0.259726152	control	0.850614066	0.167811689	0.298132851	0.428449936	0.683843687	0.666181478
ADAMTS1	0.230460668047538	633	-0.246769035	control	0.511106371	0.166889707	0.368441665	0.073138311	0.387846305	0.928280818
RPS14	0.228788197941979	634	0.121170147	case	0.397839124	0.494456347	0.763843765	0.766266219	0.027993295	0.682892942
CTSL	0.226607511496155	635	0.097294964	case	0.755914121	0.354569341	0.499725974	0.758248787	0.270319612	0.438866966
B3GALT1	0.220788923652274	636	-0.482235513	control	0.567144362	0.250342883	0.052208633	0.074708115	0.823962943	0.781042209
FAM46C	0.220673729581596	637	0.525912163	case	0.658030306	0.370186851	0.909629979	0.804076444	0.059623629	0.406259746
MGEA5	0.220119743646035	638	0.191637524	case	0.340478311	0.802237016	0.654968062	0.198650617	0.607986088	0.701945689
EME2	0.219841318752584	639	-0.058805314	control	0.551140336	0.608961456	0.060362229	0.756072432	0.333508012	0.207137483
ACTN1	0.219837073696457	640	-0.121123387	control	0.314783505	0.442904068	0.60635572	0.876145348	0.375258556	0.300626578
RBBP4	0.218956897703679	641	-0.264194771	control	0.726629532	0.550495355	0.599081167	0.7464232	0.909602532	0.893842059
FSCN1	0.218729639950497	642	-0.260071424	control	0.476574681	0.492666912	0.090384122	0.001473923	0.828742595	0.601848347
UBB	0.218204376162376	643	0.843805116	case	0.652519961	0.338603675	0.58520034	0.165763744	0.209643323	0.479522753
PARVB	0.21749764979384	644	-0.133662907	control	0.402951578	0.21275901	0.950368402	0.664442081	0.601375338	0.541884227
MEIS2	0.217346748370756	645	-0.497117709	control	0.047787292	0.7938776	0.166012377	0.716037343	0.893007372	0.394758736
IFNAR1	0.216832960985771	646	0.70867418	case	0.670797109	0.11381718	0.896306093	0.296400554	0.287204149	0.400152412
CALCOCO2	0.216289591681076	647	0.290098565	case	0.746105469	0.729036115	0.7932917	0.031687662	0.941300531	0.785352872
TMEM126B	0.215126080518626	648	-0.095900085	control	0.877573934	0.596021672	0.649417451	0.907798941	0.757123136	0.683284157
NEU2	0.214478014236663	649	0.310592735	case	0.019764664	0.871452149	0.263148319	0.068309239	0.063851185	0.7486358
DDX47	0.212242519268368	650	-0.31265076	control	0.564268825	0.490442215	0.646220068	0.684762628	0.84062101	0.949240627
EXOSC3	0.210647153317548	651	-0.06389337	control	0.366833408	0.903097609	0.007792911	0.594861918	0.249852758	0.520219495
CREBBP	0.210306333287111	652	0.800135887	case	0.743706145	0.559357067	0.879278485	0.192997945	0.94050609	0.078816497
STARD9	0.209053301909822	653	-0.178538124	control	0.03477674	0.317805388	0.642449266	0.784588875	0.23013359	0.19657099
FABP4	0.208315555445146	654	-0.34902521	control	0.325653275	0.351098432	0.375091631	0.570194182	0.969965194	0.07563797
ATP5G3	0.206846838462889	655	0.618892538	case	0.378823131	0.954958902	0.751348651	0.233335663	0.702675221	0.351987322
ERCC2	0.206387770951504	656	0.503762442	case	0.533163241	0.951906506	0.652459724	0.575747615	0.194355125	0.651351481
PEX1	0.204717068840118	657	0.329042148	case	0.571829636	0.334619386	0.534142864	0.304959958	0.169798443	0.60917403
CRYL1	0.203092123754255	658	0.420791706	case	0.067383314	0.504550191	0.31383236	0.111870738	0.11708947	0.394470982
RAI2	0.203073406455532	659	-0.248725357	control	0.014362144	0.808570709	0.342720633	0.974573935	0.405197524	0.171796261
SLC2A3	0.200618413004165	660	-0.557066968	control	0.140499437	0.301205587	0.492060651	0.713913686	0.835507531	0.55872066
BRCA1	0.199702249129722	661	1.269723709	case	0.952125309	0.475235157	0.727697444	0.537321413	0.229139552	0.183019317
CYB5D1	0.199584232173589	662	-0.260976676	control	0.619815927	0.374711141	0.331289643	0.758506328	0.955437532	0.080068139
GPT	0.19594288957914	663	-0.627017969	control	0.256109781	0.209915077	0.155198666	0.061377768	0.77581742	0.828363668
C19orf12	0.192901989423697	664	0.462457084	case	0.66235174	0.642079416	0.860562115	0.527967384	0.357120387	0.595292948
C6orf223	0.190344628030756	665	0.434495103	case	0.82821527	0.880847202	0.034057184	0.37233228	0.443989463	0.39882333
F2RL3	0.189618227177975	666	-0.049742611	control	0.278784529	0.640558837	0.362205713	0.498269902	0.615848229	0.234515507
NEO1	0.189409062205332	667	0.209059969	case	0.030389024	0.122623902	0.933059862	0.190436103	0.535761698	0.172080874
RPUSD2	0.188572905742624	668	0.423361856	case	0.661776197	0.811319159	0.803182575	0.80663252	0.469092962	0.32350097
MSH5	0.188468748383506	669	-0.278233291	control	0.781722613	0.277438719	0.282985376	0.45325926	0.451274165	0.954996382
TFPT	0.184121151982	670	-0.841854841	control	0.056813181	0.10371284	0.026838629	0.587488094	0.288085153	0.30919049
TMEM91	0.182345124911953	671	-0.550803699	control	0.242876166	0.148632553	0.398440118	0.793560627	0.778967448	0.18605461
HSPG2	0.182099790582197	672	0.098368193	case	0.07336169	0.064931535	0.728242423	0.109222497	0.585904472	0.093803058
TAF10	0.179546536444424	673	-0.306888997	control	0.151845722	0.329903979	0.719263927	0.81555637	0.416331859	0.500898617
OSBP2	0.179503067177272	674	0.126773629	case	0.935975553	0.634278203	0.169501871	0.056273616	0.693962929	0.79377867
HIBADH	0.176299805784857	675	0.683638938	case	0.56426092	0.218192642	0.809789107	0.134706058	0.009386677	0.801622306
PPP6C	0.176169340389678	676	2.223438108	case	0.941817795	0.497408285	0.341764883	0.393103435	0.007910838	0.151498574
CIITA	0.17584603336588	677	0.703699695	case	0.312386342	0.053824302	0.48914245	0.132054679	0.170044626	0.199956953
LARP6	0.174646608490432	678	-0.141445189	control	0.12017812	0.243640193	0.925704392	0.326678617	0.410392575	0.764897801
ZDHHC21	0.17453116810711	679	-0.298216914	control	0.466201834	0.781092266	0.115206746	0.981267907	0.536385807	0.423830588
SOGA1	0.173419866776642	680	0.065915106	case	0.651997167	0.51643241	0.58981749	0.222223463	0.604388896	0.822906498
ENTPD4	0.171469383296141	681	0.285752805	case	0.321023217	0.774309709	0.467734261	0.630749738	0.424087433	0.160845331
EPM2AIP1	0.169077127538321	682	-0.468424214	control	0.747661582	0.469359313	0.296293863	0.992885717	0.882527744	0.971433214
CDY2A	0.168512427287545	683	0.646535886	case	0.695690927	0.99334325	0.790975649	0.71613202	0.446737301	0.343329145
ZNHIT1	0.168216820292786	684	-0.14403726	control	0.870475365	0.165277443	0.263666008	0.692908555	0.327979775	0.497190384
CGGBP1	0.166886711732574	685	0.417250649	case	0.511008154	0.480933407	0.495574479	0.331276853	0.157387548	0.560914262
BBS4	0.166524695872434	686	-0.088920468	control	0.531048838	0.754152585	0.767398735	0.709900447	0.706081442	0.836950031
PDHX	0.166065758635189	687	0.067991307	case	0.600344793	0.853371006	0.269994424	0.564473922	0.423025609	0.626474489
RASGRP1	0.163497946989236	688	0.382006989	case	0.724991961	0.500272551	0.491113748	0.172790403	0.775785104	0.293370644
PI15	0.162550180480761	689	-0.494624334	control	0.135478206	0.158209785	0.823970887	0.869605555	0.511206371	0.830728821
DENND1B	0.15987275885464	690	0.118946871	case	0.529745694	0.300116778	0.215889142	0.096443679	0.507618333	0.330523571
USP6NL	0.157446031156873	691	-0.156916397	control	0.538525574	0.375051578	0.534160825	0.525561251	0.891977815	0.299654783
TMEM116	0.154167158186831	692	0.472169137	case	0.922358001	0.115493809	0.74046838	0.068921448	0.496764652	0.642273057
ITGBL1	0.153624763543921	693	-0.32377368	control	0.036114031	0.844080719	0.166251535	0.638128133	0.86375811	0.045593135
ATXN2	0.153563556887829	694	0.791068664	case	0.366162436	0.400292884	0.827051909	0.160364382	0.295302241	0.434029714
LCP1	0.15235264468071	695	-0.119998847	control	0.598628527	0.986852223	0.067476803	0.396569245	0.994016875	0.487772274
BUB1B	0.149664105303348	696	-0.645431351	control	0.121000086	0.199134375	0.304524481	0.186238206	0.914424854	0.66108024
DPYSL4	0.147168497595702	697	0.149265303	case	0.144526907	0.540222796	0.917129359	0.617153494	0.320642856	0.456032436
SHCBP1	0.146320634207263	698	-0.284690611	control	0.329041196	0.20359238	0.79215684	0.556925546	0.322882505	0.972244273
HOXD12	0.145546385625009	699	0.722640536	case	0.389128764	0.730718017	0.661734944	0.338236166	0.325875094	0.370104346
TAPBP	0.144256211878118	700	4.130907237	case	0.772206732	0.691711636	0.511582243	0.333032554	0.04308996	0.008897234
PIK3CB	0.143146444633522	701	0.05357351	case	0.522232443	0.656846481	0.326438909	0.028974383	0.757155472	0.642833402
PARP3	0.142041748351223	702	0.207428622	case	0.509839454	0.486932439	0.468813781	0.907037296	0.112987559	0.193782442
HPS5	0.141869850833385	703	-0.352098955	control	0.132614727	0.636576573	0.567597286	0.208804361	0.95385832	0.900597745
FBXO11	0.141789496281462	704	0.263401343	case	0.118853277	0.82890555	0.065436183	0.315472992	0.049142959	0.437342203
TTC14	0.13970589503849	705	0.166415231	case	0.825965482	0.77398592	0.894900792	0.550859428	0.651049643	0.936996637
AKAP2	0.136395439397702	706	1.253040644	case	0.702530011	0.2210571	0.923197523	0.552770831	0.149193664	0.117720956
TAF5L	0.135854835001849	707	-0.540342277	control	0.035423461	0.48165698	0.648287449	0.792409362	0.840013404	0.902872154
MUC1	0.134776995255468	708	0.189327239	case	0.74668463	0.259401161	0.241278155	0.260843352	0.225927682	0.562026895
C5orf45	0.133887257475644	709	1.05699711	case	0.992589818	0.909464807	0.195055323	0.622442642	0.063402116	0.33365592
MPP3	0.133750202136955	710	0.167431605	case	0.421069352	0.380642291	0.359553045	0.015548619	0.006035834	0.973133083
CD93	0.132703661976258	711	0.86046944	case	0.119675357	0.580617547	0.778043849	0.230695346	0.276246602	0.287662211
ESR2	0.131930049727708	712	2.006634487	case	0.162324692	0.487910625	0.436551898	0.187318238	0.059458787	0.114686006
NMT1	0.131683750791789	713	0.26025066	case	0.243269522	0.95751435	0.490433034	0.170282743	0.378683695	0.793002236
KATNAL2	0.130916366315163	714	-0.695407351	control	0.382937989	0.252911159	0.096594237	0.791320582	0.724502413	0.888842341
DDX39B	0.130589254209538	715	-0.123003898	control	0.538746515	0.668085932	0.453021162	0.91474208	0.151105279	0.826810551
RPRM	0.130425046892518	716	-0.412646409	control	0.059030556	0.001799324	0.548670594	0.319373098	0.044073792	0.674259328
PPIF	0.129177156602223	717	-0.213446418	control	0.035590563	0.299174856	0.843270317	0.373637676	0.43731821	0.686762469
AZU1	0.128643505891081	718	-0.11478168	control	0.4753543	0.880456927	0.562527153	0.413416552	0.757631721	0.996031119
CHN1	0.127822299283932	719	-0.237007217	control	0.571357212	0.607257386	0.028133568	0.843480345	0.384047546	0.354070511
IMPDH1	0.122843525294514	720	0.137630867	case	0.543044984	0.712025249	0.034062128	0.236201905	0.637101873	0.259869027
RPL37A	0.122461045504512	721	-0.13253095	control	0.095446524	0.671151036	0.756580804	0.879751031	0.645580256	0.230556561
DIS3L	0.121735642299081	722	-0.327757723	control	0.558565492	0.399066658	0.203815677	0.472332265	0.955275201	0.300114616
TRIM15	0.120782358492523	723	0.058890082	case	0.799185035	0.472122874	0.82541546	0.900963206	0.793864336	0.285286735
NCF4	0.117262739217962	724	5.772774474	case	0.737072655	0.615392849	0.391118812	0.149395908	0.004983205	0.103061072
FUS	0.11592525990435	725	0.711456721	case	0.961964658	0.488379635	0.901756317	0.182450936	0.328975305	0.862900425
FGF11	0.113209175875818	726	0.047585588	case	0.298499447	0.605693064	0.605353189	0.260014181	0.807365196	0.373596632
C11orf24	0.113096676567634	727	0.119421816	case	0.898547502	0.380664274	0.677062063	0.564712642	0.423582439	0.759280151
H2AFB2	0.110705625079734	728	-0.185229657	control	0.523947649	0.642889808	0.278204004	0.950924882	0.287909274	0.534722619
ZMYM4	0.110386313590483	729	-0.084013465	control	0.241786794	0.724824694	0.142990554	0.135413999	0.822232088	0.25372766
TUBB4B	0.107926188231594	730	-0.280204129	control	0.076979085	0.858297392	0.390795338	0.659227054	0.225746257	0.957315412
GSG1L	0.10708839955975	731	-0.121603205	control	0.501701052	0.687652548	0.710427308	0.802662601	0.671564767	0.688554783
RPS26	0.106923399897953	732	1.061698748	case	0.61473955	0.371378578	0.732216987	0.134746011	0.062151943	0.63655801
INHBE	0.105334934681613	733	8.449705825	case	0.720343206	0.57857231	0.410414854	0.029087552	0.118485992	0.033313608
UVRAG	0.105101287671345	734	-0.217914404	control	0.311475358	0.563237615	0.793666083	0.477362794	0.856556963	0.799323797
SGPL1	0.104579559223633	735	-0.322600184	control	0.628973104	0.229306251	0.132873945	0.540375734	0.878731309	0.044066222
IKZF5	0.102731676251023	736	0.405948898	case	0.939003091	0.809377286	0.840163937	0.346109791	0.949987708	0.545039342
ZC2HC1A	0.101567016003368	737	0.138647006	case	0.970144633	0.439923122	0.114028436	0.295420103	0.344748854	0.698346125
PCK1	0.0994934710882014	738	-0.370428885	control	0.177794092	0.040156385	0.376560427	0.899798333	0.043817522	0.000695104
ISY1	0.0987827711110292	739	0.783177766	case	0.948002359	0.904613499	0.924982251	0.276037416	0.800343496	0.481286619
PARD6G	0.0986849735350523	740	-0.101550468	control	0.174155244	0.262860808	0.827014908	0.849847674	0.146493033	0.410561867
SPG11	0.0983301033742745	741	0.638167469	case	0.617850587	0.706084765	0.947438263	0.577580061	0.666265239	0.14268792
ARL8A	0.0955571422893711	742	0.398483454	case	0.45964201	0.331997487	0.765698126	0.595707148	0.285814783	0.23206838
POLR2L	0.0949251782848999	743	-0.435634503	control	0.034833821	0.633455035	0.432511567	0.679517492	0.840339421	0.43065287
GLO1	0.0943533481055111	744	0.083298525	case	0.842949289	0.575078268	0.863964912	0.511385232	0.675457742	0.919679296
RPTOR	0.0930371793283046	745	0.058541271	case	0.501903419	0.919603246	0.716307637	0.381030057	0.718210476	0.920344683
HBEGF	0.0912104015125412	746	0.444640946	case	0.60315632	0.162476485	0.960139976	0.159072823	0.861999318	0.173531118
PDE6B	0.090939291677099	747	1.149641011	case	0.733873299	0.684863781	0.550239104	0.452984391	0.328723021	0.134248403
STX17	0.0904526895660369	748	0.197183515	case	0.901773664	0.05221138	0.958713596	0.67844277	0.440900791	0.478321806
BACH2	0.0897862581146435	749	-0.315340018	control	0.094488564	0.959875079	0.601568348	0.799670794	0.777942461	0.841006255
SDF2L1	0.088515984049663	750	0.001482976	case	0.961993767	0.593235792	0.621863097	0.789847559	0.564579859	0.819441443
DYNLRB1	0.0878941964863205	751	-0.183683735	control	0.459875629	0.247199857	0.497230129	0.328632593	0.426672386	0.719987952
MATR3	0.0859194848713005	752	-0.079526014	control	0.828095603	0.425483118	0.125460357	0.345897381	0.347396598	0.804889674
MTDH	0.0814341000567961	753	0.233767554	case	0.005653068	0.617600646	0.93686371	0.545649265	0.169196114	0.549669497
C18orf54	0.0791916209259588	754	0.421729385	case	0.792581664	0.610092246	0.212548379	0.076238048	0.063686503	0.99617231
HEPACAM2	0.0789822725201043	755	0.097478226	case	0.569111025	0.868726545	0.899081838	0.27981629	0.853074814	0.996462675
MFN2	0.0786386197013217	756	0.141152143	case	0.639031093	0.895596526	0.572092522	0.694555599	0.890275456	0.26130327
BARD1	0.0765090983525664	757	-0.665819486	control	0.558118051	0.072830805	0.048181144	0.937091368	0.93147515	0.163658499
PSTPIP1	0.0762412206020542	758	0.566720986	case	0.337812044	0.39722826	0.628267353	0.292019885	0.577780698	0.000365624
TUBB3	0.0762116456896338	759	-0.473359883	control	0.457753885	0.026315394	0.230768156	0.8506492	0.336112447	0.170593047
RHNO1	0.0735395609286982	760	-0.609615847	control	0.326244573	0.319205782	0.003555447	0.164291391	0.799831433	0.69835706
PEX19	0.0728788179522709	761	0.134792049	case	0.614903565	0.923556062	0.583258581	0.894564091	0.944478114	0.030655604
GHRL	0.0712852111294682	762	-0.135946392	control	0.820996479	0.508787231	0.514238061	0.79956234	0.587728764	0.746860938
WSB2	0.0706039272518529	763	1.503236271	case	0.806095984	0.99390364	0.953827838	0.157285874	0.012700868	0.930120144
PIP4K2C	0.0704502775610348	764	-0.33263113	control	0.585181638	0.582181335	0.14796483	0.09317506	0.997898477	0.879842194
CXXC5	0.0683802164192485	765	0.161077322	case	0.437894258	0.48912552	0.813544824	0.457896198	0.698897416	0.342300863
KDM7A	0.0668739600414979	766	1.858146436	case	0.27543138	0.688933364	0.611330147	0.073701554	0.335981278	0.141616735
SMAD2	0.065466756187273	767	0.114958097	case	0.886563794	0.399093912	0.833910871	0.661073989	0.331411415	0.908544404
CAPZA3	0.0648990849056403	768	0.602275505	case	0.117145166	0.909186957	0.633800858	0.384284326	0.043723399	0.608101843
DNM1	0.0640980052808117	769	-0.009637199	control	0.527433963	0.384582199	0.651776846	0.871235497	0.578598447	0.1291763
TNS4	0.0634819601111457	770	0.498307658	case	0.831359756	0.361112936	0.964850707	0.486310193	0.521581279	0.431948596
NR2F1	0.0620185847052662	771	0.244636588	case	0.607339922	0.556830534	0.216056596	0.367073238	0.02903551	0.712831054
SARNP	0.0617528397800685	772	0.226759335	case	0.651269265	0.473710749	0.764070891	0.966605245	0.001513933	0.571751642
COCH	0.0601728810384173	773	0.289693847	case	0.059691032	0.846228364	0.522339908	0.53325436	0.498099763	0.076086459
LCE1D	0.0599142046576271	774	-0.618559803	control	0.142763225	0.349319543	0.102918579	0.556896988	0.263263486	0.739720607
CMAS	0.0587383128869224	775	0.056758554	case	0.31906782	0.955372103	0.745166604	0.739832227	0.685798404	0.485502731
LRRC40	0.0573122580666343	776	-0.182819154	control	0.083315945	0.841851735	0.090870578	0.72115631	0.513520855	0.008668494
TEFM	0.0563904328316007	777	-0.143795123	control	0.531253964	0.178899228	0.597006665	0.355519454	0.433691632	0.737479419
ECE1	0.0562998612769433	778	0.824641932	case	0.260318096	0.831111503	0.830559739	0.482680552	0.078237989	0.492432971
SERTAD3	0.0538531199528909	779	-0.108333614	control	0.248919611	0.492313131	0.814578174	0.91928097	0.157717675	0.667836577
DHRS4	0.0536941171904529	780	0.551170015	case	0.800622979	0.746551427	0.240227119	0.362938187	0.102886548	0.686467734
SLCO1B3	0.0527687033779026	781	0.284228086	case	0.790644898	0.797985958	0.489039332	0.460325494	0.76095747	0.396552847
FOXI2	0.0521505093155784	782	-0.613237192	control	0.203715434	0.178699029	0.235121635	0.131865337	0.762404727	0.702409052
GNAI1	0.0519654842517967	783	-0.181422776	control	0.27982892	0.197862341	0.792575488	0.074640442	0.616239066	0.860918797
NUMBL	0.0489188877887211	784	1.115775728	case	0.545004891	0.570892489	0.894511885	0.520476253	0.176943992	0.252779362
LUZP1	0.0479943403138646	785	0.64513368	case	0.085397831	0.737633073	0.868515198	0.371187877	0.340801508	0.316222561
PAEP	0.0464259746177923	786	-0.494342448	control	0.016119802	0.859717044	0.341211146	0.954086903	0.657183184	0.795592
ATXN10	0.0433041575402289	787	-0.702719041	control	0.113930639	0.612727108	0.028279451	0.786996488	0.79971557	0.952761709
PARP15	0.0427379691775538	788	0.797520574	case	0.319301592	0.88373732	0.000326096	0.572304395	0.089448587	0.007705285
NOMO1	0.0389644876131549	789	-0.336367945	control	0.077487482	0.377159253	0.08482246	0.539010349	0.226747759	0.047145955
PPP4R3A	0.0370252216352661	790	0.428514839	case	0.847333436	0.489983673	0.676120081	0.935259793	0.267443111	0.206758962
AP2B1	0.0342676541566569	791	0.440071477	case	0.029667752	0.883961535	0.845882505	0.594185463	0.34421797	0.283419108
PDE6C	0.034239332447879	792	-0.714135213	control	0.181840079	0.060165416	0.405720794	0.730647287	0.782249708	0.752951472
AAK1	0.0335896223196844	793	0.708008598	case	0.419517704	0.571186102	0.711832456	0.114788969	0.875760217	0.006246886
POLR1E	0.0331203679365166	794	-0.155366655	control	0.374060193	0.80828055	0.087265034	0.504715964	0.944523466	0.053904847
NFIL3	0.0330008321070456	795	-0.522560511	control	0.076592835	0.118975383	0.334904579	0.068506686	0.588625421	0.453946489
TAS2R7	0.0304084344485077	796	-0.395888866	control	0.036425516	0.912218897	0.310596454	0.731950129	0.695744793	0.656757415
LIMS1	0.0289597177906955	797	-0.392957222	control	0.219681311	0.500939924	0.384943095	0.901981192	0.872684459	0.046564039
RMDN1	0.0275111118604425	798	-0.443845507	control	0.667681764	0.153068697	0.147894557	0.627697202	0.834353381	0.279632764
COIL	0.0266598923540069	799	-0.164080971	control	0.527882688	0.749848021	0.405828715	0.671593534	0.927719459	0.414709138
PCDH11X	0.0253237781112557	800	-0.379619245	control	0.260205602	0.397357101	0.424522763	0.724406284	0.345794514	0.674027175
NDUFS4	0.0251555091550247	801	0.391302303	case	0.897479892	0.687129115	0.467251755	0.969427856	0.254168533	0.251180702
HK2	0.0249493459820481	802	-0.193381274	control	0.090961688	0.944908646	0.116332096	0.862272005	0.388062654	0.178100355
CCNE1	0.0244337051299548	803	0.188003271	case	0.875413612	0.104499668	0.939093515	0.185107821	0.924102561	0.506110755
AHCYL2	0.0222639360560148	804	0.152071764	case	0.091871833	0.7680579	0.880799543	0.0650762	0.976160296	0.469719097
PNPLA7	0.0211027090790837	805	0.832787326	case	0.199925413	0.850607655	0.45418582	0.554425289	0.030569773	0.236005207
ACP7	0.0210997848788582	806	0.492799599	case	0.333428186	0.750985385	0.340139556	0.414217854	0.075123767	0.464941276
XPNPEP2	0.0199587554199986	807	0.632931779	case	0.675375318	0.49652027	0.486739212	0.717881398	0.191073265	0.10678575
GDA	0.0195774978398223	808	-0.255037761	control	0.141336028	0.395804329	0.917423748	0.464093623	0.80323764	0.685202744
ALOX15B	0.0185298677779496	809	0.530669879	case	0.666326488	0.725927657	0.773114812	0.166627083	0.952482638	0.29554473
CTDSP1	0.0173155583220036	810	0.04826196	case	0.212404896	0.82464682	0.863458491	0.80594766	0.944210309	0.062852786
EID2B	0.0170310231720651	811	0.43911878	case	0.61030703	0.938200406	0.878062943	0.988951251	0.521882381	0.175316539
CCDC18	0.0165722102089281	812	-0.143601889	control	0.53429105	0.62292405	0.045885007	0.634025539	0.460742876	0.310068997
HAL	0.0163824662953167	813	0.093843971	case	0.599879096	0.113566339	0.943117892	0.665256286	0.313302195	0.535883589
PPAT	0.0163664557099252	814	0.114963861	case	0.859480107	0.810614963	0.807378821	0.479733615	0.895899397	0.846388685
MXD1	0.0161027507918959	815	0.240507773	case	0.353639002	0.449404182	0.532536544	0.447473273	0.198180188	0.430986088
LECT1	0.0130838670143263	816	0.606920312	case	0.694873211	0.33771199	0.216227329	0.548438362	0.036877427	0.191830732
CYP17A1	0.0120176306233901	817	-0.400937454	control	0.734559125	0.005028883	0.076439458	0.915013994	0.213694223	0.233465852
MED16	0.0112204544432973	818	-0.224652703	control	0.544682442	0.383943862	0.733574443	0.784822423	0.787635595	0.571356444
ANXA10	0.0108927735593852	819	-0.385929383	control	0.27826702	0.039749694	0.550464991	0.313147493	0.674674046	0.426481118
ARL6IP5	0.0106704162584034	820	0.40456161	case	0.406830135	0.538250333	0.61092068	0.376999837	0.075505653	0.6553143
EPHB6	0.00902372872092816	821	-0.32886969	control	0.393900145	0.863064979	0.330873141	0.813610983	0.564353536	0.987951968
MRPS18B	0.00462576058235187	822	0.263626995	case	0.444542163	0.740843627	0.202584981	0.40989418	0.116946258	0.571561841
STUB1	0.00412487501082448	823	1.043192345	case	0.741303988	0.033691793	0.388784335	0.133735686	0.358943619	0.076909808
SORBS2	0.000904598853058602	824	-0.256486398	control	0.540204038	0.304403578	0.394093181	0.566253127	0.993716132	0.106040338
CDC20B	0.000132543545445563	825	-0.379110471	control	0.420755683	0.084258001	0.479614252	0.523377473	0.638589686	0.423867183
